0.0 0.98240733 0.60876 0.033574875 0.63864
3.0 0.114778586 0.7194 0.17066829 0.55586666
2.0 0.83577293 0.7209733 0.32684377 0.55272
2.0 0.66140497 0.6152266 0.15361513 0.4053333
2.0 0.6016989 0.5415867 0.094669886 0.26536003
2.0 0.5741747 0.53547996 0.05611111 0.16237333
0.0 0.5348188 0.4811067 0.013148172 0.10434665
0.0 0.5385548 0.48488 0.011537869 0.10058669
2.0 0.43933576 0.48673335 0.02388886 0.079173364
0.0 0.49185988 0.47864002 0.008325259 0.066293344
2.0 0.3719042 0.5380933 0.05437197 0.12642662
2.0 0.11014895 0.7623733 0.2202979 0.46991998
2.0 0.23960145 0.64934665 0.16189212 0.30664
2.0 0.317971 0.57114667 0.09302737 0.20250668
