3.0 0.7038446 0.5869333 0.05739934 0.33061332
0.0 0.6145209 0.53779995 0.020024164 0.22823998
8.0 0.8746376 0.6827466 0.056199662 0.26288
8.0 0.9226449 0.6851867 0.05844607 0.24061336
0.0 0.9408535 0.58893335 0.045748755 0.37653333
0.0 0.7722504 0.56306666 0.027302697 0.24970667
0.0 0.74869967 0.55068 0.02293882 0.22136
0.0 0.25345412 0.54433334 0.02344606 0.19138663
0.0 0.31150162 0.5400533 0.024774551 0.18906668
6.0 0.47190017 0.47016 0.046763282 0.122026645
4.0 0.0848752 0.57093334 0.16274558 0.16954668
4.0 0.2563889 0.55150664 0.08306762 0.114000015
4.0 0.35619566 0.49456 0.03274559 0.13344002
4.0 0.42329305 0.5015067 0.051191602 0.10845334
4.0 0.650161 0.5667867 0.030225435 0.11677337
4.0 0.6321296 0.49315998 0.022681192 0.07512001
4.0 0.9747665 0.59732 0.02183569 0.21677335
