2.0 0.12248792 0.7524933 0.24497584 0.48968
3.0 0.37139294 0.5614 0.036473434 0.21864001
3.0 0.39820048 0.5625467 0.028623218 0.20002665
2.0 0.354996 0.55575997 0.067834154 0.13301332
3.0 0.426252 0.51804 0.016400972 0.11138667
2.0 0.41971016 0.5160667 0.03576492 0.06797331
2.0 0.527967 0.50449336 0.025209336 0.06855999
2.0 0.8297263 0.72906667 0.33893716 0.5365333
4.0 0.5046176 0.47296 0.015064421 0.038666658
4.0 0.5721618 0.49593332 0.01345412 0.11954669
4.0 0.5537077 0.47372 0.0151288165 0.052880015
