2.0 0.47885576 0.51577127 0.02728444 0.082127675
2.0 0.098803386 0.6328989 0.19760677 0.29521278
5.0 0.21247382 0.7462633 0.12770346 0.25704792
2.0 0.28421837 0.64631647 0.14269945 0.2780053
2.0 0.25568897 0.5737899 0.084319115 0.12874998
2.0 0.37597907 0.5581649 0.057808217 0.12909572
2.0 0.33086622 0.5329787 0.046809036 0.104255304
2.0 0.4011926 0.531383 0.03874293 0.08861702
2.0 0.42189765 0.5251995 0.027179718 0.06486702
5.0 0.43812248 0.49126333 0.020564035 0.0757181
6.0 0.23717162 0.52828455 0.07474618 0.14114363
