2.0 0.87204903 0.74449337 0.25429145 0.50567997
2.0 0.065873586 0.7006933 0.13174717 0.5126933
2.0 0.1411111 0.64889336 0.2822222 0.33890662
2.0 0.176719 0.61144 0.19543478 0.2528
2.0 0.27970612 0.5486533 0.11485509 0.16728003
2.0 0.30504027 0.54665333 0.108647324 0.13837337
6.0 0.33232287 0.51633334 0.11685185 0.16781338
2.0 0.6210185 0.52239996 0.07425926 0.10543997
2.0 0.51911837 0.50713336 0.030861536 0.07090668
4.0 0.41113526 0.47913334 0.04660225 0.07298667
4.0 0.44897342 0.46538666 0.02860705 0.026240008
4.0 0.48683575 0.47637334 0.025475003 0.06352002
