2.0 0.922347 0.72846663 0.15369561 0.5377333
2.0 0.07173511 0.77130663 0.14347021 0.4520533
2.0 0.29728663 0.5996133 0.09885667 0.19666669
2.0 0.34565216 0.56582665 0.06616747 0.13517332
2.0 0.37258053 0.54753333 0.04648147 0.10893338
2.0 0.39388084 0.53348 0.03987115 0.08733334
2.0 0.6791143 0.46716 0.08972627 0.11346667
2.0 0.6453583 0.46232 0.06640094 0.09866667
2.0 0.95240736 0.40725332 0.09357489 0.11050667
2.0 0.9246337 0.40630668 0.11020134 0.11016001
2.0 0.89799917 0.4118533 0.10665857 0.09304003
2.0 0.87216985 0.4224 0.09791465 0.08842666
2.0 0.4165781 0.5163067 0.032512076 0.07064002
2.0 0.5523149 0.49856 0.0329227 0.08533331
4.0 0.5029831 0.4720933 0.011409033 0.037253346
4.0 0.4455193 0.49594668 0.035257656 0.05845332
4.0 0.52896535 0.48066664 0.024355888 0.061226673
4.0 0.61367553 0.47510666 0.044484727 0.055653334
