0.0 0.5036712 0.54077536 0.018311819 0.1824064
0.0 0.51263326 0.5339037 0.024232592 0.2064706
0.0 0.7528029 0.70282084 0.09180936 0.58901066
0.0 0.9486471 0.65324867 0.101090476 0.68815506
0.0 0.47592086 0.5599064 0.029079165 0.23997323
2.0 0.38049677 0.5635695 0.13280292 0.33874327
6.0 0.43927303 0.5284625 0.07030696 0.21852939
8.0 0.74401456 0.63078874 0.053263348 0.27136365
4.0 0.61415994 0.49592248 0.016817456 0.113983974
4.0 0.8138853 0.62231284 0.0470275 0.2667647
4.0 0.70017767 0.58344924 0.03108238 0.20566848
