0.0 0.8153877 0.708623 0.17508884 0.57740635
0.0 0.45710418 0.5641176 0.032980647 0.27294117
0.0 0.7469871 0.72796786 0.05956382 0.53871655
0.0 0.65113086 0.69604284 0.048788343 0.48598933
0.0 0.6069709 0.65377 0.049143746 0.3993583
0.0 0.7091478 0.6091979 0.03827949 0.37326202
0.0 0.62869954 0.5929813 0.06085623 0.30949196
0.0 0.68819064 0.6670188 0.04777059 0.3925936
0.0 0.67417204 0.574639 0.05865106 0.2876203
0.0 0.66335624 0.6278877 0.057843298 0.35272726
2.0 0.4571769 0.5361363 0.054353803 0.1392246
4.0 0.56003237 0.5264973 0.0461874 0.15288769
4.0 0.51178515 0.48205882 0.04702745 0.05288771
