0.0 0.6435178 0.68040115 0.05600162 0.47647062
0.0 0.70225763 0.663262 0.06758481 0.48700538
0.0 0.040480614 0.69339573 0.062738284 0.48684493
0.0 0.31539178 0.5921792 0.038505644 0.2928075
0.0 0.5460582 0.5500267 0.02180935 0.20406416
0.0 0.70675284 0.5756551 0.066995166 0.30911765
0.0 0.9152423 0.582647 0.071615495 0.4115508
0.0 0.83527064 0.5638235 0.039313454 0.32390374
0.0 0.36494344 0.56548125 0.026930537 0.2001604
5.0 0.35275444 0.6084625 0.031890143 0.13318181
0.0 0.33824715 0.56378347 0.02584814 0.20590909
0.0 0.9634169 0.5744652 0.062730245 0.39128342
2.0 0.44208398 0.49204546 0.025638126 0.08569516
2.0 0.37068254 0.5171658 0.06598543 0.18406418
6.0 0.39497575 0.5082086 0.04227788 0.14058821
4.0 0.030444264 0.68782085 0.053877216 0.44040108
4.0 0.57888126 0.55076206 0.019507272 0.14558823
4.0 0.47340876 0.4878476 0.025234267 0.07836897
4.0 0.52836025 0.54733956 0.008045242 0.121470585
4.0 0.56403875 0.54560155 0.007528305 0.15248664
