2.0 0.60550725 0.57862663 0.09272144 0.21922663
2.0 0.9293518 0.59116 0.13968594 0.3721867
2.0 0.88694847 0.49709335 0.22449276 0.34581333
5.0 0.26916263 0.6419734 0.081094995 0.13402666
2.0 0.31437603 0.57291996 0.08174717 0.17447999
2.0 0.105809174 0.75594664 0.21161835 0.40752
2.0 0.7667432 0.4934 0.167351 0.18957336
2.0 0.3804871 0.53150666 0.04467794 0.100719996
4.0 0.4274839 0.5029067 0.07467792 0.08901334
4.0 0.5142875 0.47650668 0.0469968 0.063999996
4.0 0.60989934 0.4653733 0.06545089 0.08621335
