2.0 0.49261078 0.54529256 0.055294126 0.16627659
6.0 0.124198236 0.5230984 0.24839647 0.948484
2.0 0.098468974 0.6349601 0.19693795 0.27768615
2.0 0.23926671 0.57029253 0.0937631 0.16531913
2.0 0.34363818 0.57997334 0.09638196 0.22292553
2.0 0.3105278 0.53719413 0.057767913 0.10470741
2.0 0.39243352 0.5309175 0.048090253 0.11598403
2.0 0.4119017 0.51699466 0.030378705 0.07164894
2.0 0.42867443 0.5086037 0.025197392 0.060824495
5.0 0.4360516 0.45977396 0.033859752 0.12226064
2.0 0.27630538 0.5337633 0.05501209 0.08869682
