0.0 0.82114327 0.6692 0.09037036 0.6562666
3.0 0.3191586 0.5492667 0.040346213 0.22898664
3.0 0.33635268 0.53890663 0.034508865 0.18864001
6.0 0.43128422 0.48815998 0.06672305 0.16965334
8.0 0.10272947 0.59088 0.046956517 0.17130668
8.0 0.1315016 0.57883996 0.052906603 0.16050665
0.0 0.13103059 0.56740004 0.020805154 0.21373333
0.0 0.8276288 0.64972 0.082520075 0.55048
0.0 0.73171496 0.69276 0.04272143 0.29938668
0.0 0.75105876 0.6904933 0.033196405 0.29863998
3.0 0.5052778 0.51796 0.034710158 0.122000016
2.0 0.36914247 0.50964004 0.05828501 0.06642665
4.0 0.6689855 0.50853336 0.0747182 0.14394668
4.0 0.2408736 0.5598267 0.033582937 0.14733335
4.0 0.017210145 0.67928 0.03442029 0.46954662
