3.0 0.8517933 0.6237027 0.03801473 0.2754054
3.0 0.58134395 0.6863108 0.08608659 0.42851356
3.0 0.72707516 0.58155406 0.030473892 0.17732432
0.0 0.40558007 0.5262432 0.010898681 0.119567566
0.0 0.4181127 0.5183514 0.010343143 0.10259458
3.0 0.6575286 0.55072975 0.030678114 0.107189216
0.0 0.6969445 0.5318379 0.013071923 0.10605407
0.0 0.72049016 0.5527568 0.013071878 0.10762163
4.0 0.060379904 0.51106757 0.08147875 0.110999994
4.0 0.51480395 0.5412297 0.031993456 0.14029731
4.0 0.7546487 0.5601892 0.027303923 0.13340542
