0.0 0.7777383 0.61538774 0.05915996 0.49312836
0.0 0.49606624 0.59692514 0.039935384 0.3268449
0.0 0.1357391 0.64323527 0.054612286 0.39909092
0.0 0.34913573 0.6074866 0.045799688 0.3615508
0.0 0.6722213 0.58370316 0.0545073 0.42895722
3.0 0.40126818 0.5961364 0.038513727 0.28350267
8.0 0.34445882 0.62122995 0.041873977 0.2080214
0.0 0.45572698 0.52873 0.016930535 0.15254013
0.0 0.43468094 0.51969254 0.013319833 0.14478609
4.0 0.27028674 0.6214572 0.10023423 0.23179142
4.0 0.53330773 0.50596255 0.02627627 0.104224615
