2.0 0.45390815 0.5337367 0.04286866 0.12896279
2.0 0.3386704 0.5951862 0.0950846 0.23452128
2.0 0.032985494 0.68515956 0.06597099 0.33276597
2.0 0.21445608 0.57992023 0.10349718 0.17196809
6.0 0.09444802 0.54563826 0.13974215 0.21936171
2.0 0.36248994 0.55323136 0.04975019 0.12449469
2.0 0.28996375 0.5450133 0.056784857 0.10922868
2.0 0.21597905 0.53784573 0.058243353 0.09414894
6.0 0.34334406 0.49414894 0.03722804 0.12281915
5.0 0.3921555 0.48304525 0.038331985 0.1381117
1.0 0.4076833 0.4645745 0.020829972 0.10920211
4.0 0.027461724 0.7216755 0.05492345 0.20877661
