2.0 0.1564951 0.7545 0.3129902 0.48559457
0.0 0.5764829 0.5576081 0.05419118 0.3013784
3.0 0.91223854 0.45137838 0.050016403 0.1349189
0.0 0.35917076 0.5825811 0.06476307 0.3151081
0.0 0.3595098 0.5854054 0.04901963 0.35205406
3.0 0.78752446 0.48414865 0.026633944 0.16656756
0.0 0.099342324 0.5918649 0.026413402 0.23400004
0.0 0.088451795 0.6061892 0.029142153 0.22821617
3.0 0.3442892 0.58206755 0.08875815 0.28262162
0.0 0.059309643 0.5936757 0.03486111 0.2951351
2.0 0.9761438 0.47218922 0.046078455 0.11789189
2.0 0.38430554 0.4877027 0.026094778 0.06329731
4.0 0.6546528 0.46368918 0.013766334 0.08516216
4.0 0.5254902 0.45852703 0.029395422 0.04381081
