2.0 0.82810384 0.7771467 0.34218192 0.44037333
2.0 0.5567069 0.54495996 0.056618374 0.15162666
2.0 0.29292673 0.57529336 0.1250161 0.16119997
2.0 0.31675926 0.55758667 0.13380839 0.14536
2.0 0.36999598 0.53238666 0.09160226 0.12621331
2.0 0.5355998 0.53697336 0.03235908 0.08989334
0.0 0.14019324 0.5480267 0.018518517 0.17952
5.0 0.27698067 0.64934665 0.0932045 0.17682669
5.0 0.23886472 0.66505337 0.07059581 0.24936001
5.0 0.30070853 0.6055333 0.08059581 0.16920005
5.0 0.31975043 0.6014933 0.066070855 0.15119995
5.0 0.6702375 0.69461334 0.1347585 0.28298664
4.0 0.4671618 0.51114666 0.09710952 0.087039985
