2.0 0.2680797 0.5873066 0.12814009 0.16485333
2.0 0.4319364 0.5258666 0.06479064 0.10837334
2.0 0.06900966 0.58593327 0.13801932 0.20589331
6.0 0.34801129 0.50950664 0.06190016 0.11165333
2.0 0.43102255 0.5065867 0.024975821 0.06384002
2.0 0.49910626 0.50123996 0.03937199 0.07672
2.0 0.56134063 0.48078665 0.018913042 0.04717333
4.0 0.5327899 0.4714667 0.013776189 0.028373344
4.0 0.5877335 0.44990668 0.04242352 0.08530668
4.0 0.81891704 0.43091998 0.35894522 0.06114667
4.0 0.16690016 0.54737335 0.040338166 0.059439998
