3.0 0.040208332 0.50722975 0.018504903 0.1055946
0.0 0.27620506 0.61705405 0.037034307 0.3486486
0.0 0.22977126 0.6076487 0.046846412 0.40140542
0.0 0.37012663 0.64397293 0.05745915 0.4421081
3.0 0.8985906 0.593027 0.061397098 0.28810808
0.0 0.6309396 0.5017027 0.010620889 0.11113511
0.0 0.6438562 0.50785136 0.008986928 0.09656756
3.0 0.8491625 0.5197838 0.04087421 0.11724322
0.0 0.9698693 0.508527 0.013888858 0.120621644
0.0 0.9925041 0.52266216 0.013357889 0.12229729
4.0 0.16819036 0.492973 0.0095996745 0.06448647
4.0 0.77079654 0.51193243 0.013766334 0.116189174
