0.0 0.82226574 0.6594118 0.09627624 0.6758288
0.0 0.8661995 0.5945187 0.070185795 0.6178609
8.0 0.092059776 0.8483957 0.15479806 0.29786095
8.0 0.2984491 0.7051738 0.07886914 0.28911763
8.0 0.15099756 0.83732617 0.14689013 0.31999996
0.0 0.42232233 0.5614171 0.025000026 0.25893047
0.0 0.3988813 0.56213903 0.029216448 0.2462567
0.0 0.48726982 0.5266979 0.022649447 0.19606951
0.0 0.5017932 0.4980882 0.014168013 0.14377005
0.0 0.5283562 0.52621657 0.019588063 0.18933156
0.0 0.58402663 0.49803475 0.015258516 0.16403744
2.0 0.45796847 0.4818449 0.025694665 0.06609627
0.0 0.3939055 0.5304813 0.015242349 0.1900535
0.0 0.55529886 0.51881015 0.014507248 0.1675668
4.0 0.022253636 0.8914706 0.044507273 0.2063636
4.0 0.15023425 0.6093984 0.09242326 0.10767382
4.0 0.35466075 0.58610964 0.040856224 0.19558825
