0.0 0.821868 0.56734663 0.053413846 0.47842664
0.0 0.888748 0.56108 0.05340576 0.48695996
2.0 0.90194446 0.7610933 0.19450079 0.47248
2.0 0.049681965 0.59992 0.09936393 0.10378664
2.0 0.024975846 0.644 0.04995169 0.15253337
2.0 0.70716584 0.49742666 0.084138505 0.10269332
1.0 0.6496296 0.4021733 0.15618356 0.2128267
2.0 0.82142913 0.49580002 0.121682756 0.11863998
6.0 0.211719 0.5568133 0.11963768 0.14829333
4.0 0.11742753 0.55942667 0.036175523 0.06631998
4.0 0.30205718 0.5223467 0.060652167 0.081866674
4.0 0.93278587 0.45075998 0.026280176 0.06632001
