2.0 0.019033816 0.6861334 0.03806763 0.3493867
2.0 0.19402577 0.6032 0.1263446 0.18938668
7.0 0.5764292 0.4552 0.031666666 0.09423999
2.0 0.28699276 0.5498933 0.07387279 0.15504
2.0 0.3258776 0.5485067 0.050660223 0.102879964
2.0 0.35330918 0.52972 0.049581323 0.10557331
2.0 0.39338565 0.5212 0.03374397 0.07114666
2.0 0.40925926 0.51413333 0.028615134 0.06133335
4.0 0.010535426 0.6974267 0.021070853 0.28712
4.0 0.53382844 0.46627998 0.0075281686 0.024933305
4.0 0.6609179 0.48007998 0.009613492 0.07669333
4.0 0.6155999 0.46457335 0.0075281686 0.059439998
4.0 0.44268116 0.49130663 0.022109486 0.047359977
