2.0 0.045994364 0.79749334 0.09198873 0.39968
2.0 0.9441787 0.59664 0.110032216 0.39077333
2.0 0.21757647 0.6671867 0.17072463 0.27741337
2.0 0.8169606 0.7431466 0.32242352 0.5083733
2.0 0.65385264 0.61924 0.12723832 0.2932
2.0 0.3096417 0.59790665 0.082455724 0.17821336
2.0 0.58449274 0.55168 0.06222221 0.13925335
2.0 0.37364733 0.55364 0.056135245 0.114746675
2.0 0.562029 0.5393467 0.049259275 0.10994669
2.0 0.41349837 0.51936 0.028365543 0.07434668
2.0 0.5422464 0.51817334 0.033977464 0.08461336
2.0 0.46166265 0.48873335 0.036175545 0.04482668
4.0 0.5575282 0.43177333 0.03409018 0.055973325
4.0 0.041002415 0.54476 0.08200483 0.09565333
4.0 0.25830513 0.5042267 0.060652167 0.045626674
