2.0 0.31216586 0.72304004 0.23349436 0.46677333
2.0 0.8529871 0.76717335 0.29241544 0.46032
2.0 0.75476646 0.73546666 0.2302093 0.50288
2.0 0.96531403 0.49414667 0.067761645 0.22472003
6.0 0.9170209 0.4898 0.16434778 0.27773333
6.0 0.8160789 0.50493336 0.15644129 0.24735999
2.0 0.39351448 0.57488 0.079653785 0.18533336
2.0 0.42809987 0.54792005 0.066505656 0.13973334
2.0 0.7180475 0.5057333 0.07176326 0.112160005
2.0 0.6929791 0.50181335 0.06135264 0.10373334
2.0 0.5873148 0.5273067 0.04322865 0.11290666
2.0 0.46632048 0.51096 0.039484706 0.095199995
6.0 0.47760868 0.49641332 0.033896945 0.102266654
2.0 0.62873185 0.47665334 0.04883253 0.07138668
1.0 0.54685587 0.45724002 0.037028994 0.123600006
4.0 0.49867147 0.49905333 0.008051509 0.055973325
4.0 0.023554752 0.5585733 0.047109503 0.064613305
4.0 0.17836152 0.53012 0.022632848 0.038746662
4.0 0.13122785 0.5326933 0.043985505 0.05770666
