6.0 0.5518237 0.56192 0.07781805 0.2810667
2.0 0.3014815 0.60737336 0.124573275 0.20573337
2.0 0.2032488 0.5788933 0.14938003 0.26098672
2.0 0.46539855 0.52945334 0.054806754 0.13202667
2.0 0.80099434 0.57317334 0.13641712 0.21258664
2.0 0.5982287 0.49068 0.03542673 0.106106654
6.0 0.6398671 0.45662668 0.042342957 0.13229333
2.0 0.8853905 0.54728 0.15404992 0.22768
2.0 0.95341384 0.5659467 0.091561995 0.19168003
1.0 0.5918237 0.43429333 0.040942054 0.18656002
5.0 0.108973436 0.6477467 0.21794687 0.1605067
2.0 0.06538244 0.61161333 0.13076489 0.19634669
5.0 0.012137681 0.6138 0.024275362 0.14274666
5.0 0.043369565 0.54646665 0.059380032 0.13095999
