0.0 0.75205976 0.69881016 0.09127621 0.597032
0.0 0.30918416 0.55627006 0.03231017 0.2736096
0.0 0.6860097 0.69184494 0.05735057 0.5140642
0.0 0.54122376 0.66185826 0.05189823 0.46157756
0.0 0.4238126 0.6251203 0.046042033 0.37831548
0.0 0.60123986 0.60442513 0.04953961 0.3698663
0.0 0.4863732 0.57878345 0.039046876 0.3136631
0.0 0.5477302 0.6465374 0.040387742 0.3846257
0.0 0.530622 0.5542914 0.038772218 0.28735298
0.0 0.56022614 0.6049332 0.066122785 0.35355616
2.0 0.40929323 0.5433556 0.070831954 0.1756417
