0.0 0.5645874 0.47625676 0.015155247 0.15229729
0.0 0.23850492 0.5301216 0.03238562 0.32435137
0.0 0.55903596 0.5897297 0.05436275 0.40156755
0.0 0.6172917 0.5651351 0.047230404 0.41794595
0.0 0.5126634 0.52704054 0.030964034 0.29624325
0.0 0.48468545 0.5338243 0.032998357 0.30164865
0.0 0.5656699 0.5207297 0.049052283 0.27194595
0.0 0.59999186 0.51379734 0.024395397 0.2560811
0.0 0.98579663 0.6310946 0.026772907 0.21316215
0.0 0.39573124 0.53244597 0.027606193 0.30175677
0.0 0.40852943 0.52717566 0.019967306 0.25175673
0.0 0.43875408 0.5117027 0.026250022 0.2796216
0.0 0.46830887 0.53006756 0.015539215 0.23224327
0.0 0.45012665 0.51113516 0.022573516 0.24681084
0.0 0.37939543 0.48897296 0.018022856 0.19567564
0.0 0.43525732 0.4861622 0.01517155 0.17881083
6.0 0.10928104 0.49864864 0.21856208 0.9972973
4.0 0.3064747 0.4639595 0.086511455 0.12786487
4.0 0.8407149 0.39313513 0.3153023 0.12508106
