2.0 0.05752818 0.7505333 0.11505636 0.49359998
2.0 0.09581722 0.68308 0.19163445 0.40616006
2.0 0.63001204 0.63438666 0.11073271 0.24541338
2.0 0.16712964 0.6386666 0.23221415 0.29957333
6.0 0.22392109 0.59536 0.17702094 0.27578667
2.0 0.28130436 0.56233335 0.12653784 0.18957336
2.0 0.6758293 0.56964 0.12690821 0.13517332
2.0 0.608442 0.5245467 0.09021741 0.11597337
2.0 0.3412601 0.49658665 0.09759261 0.16704
6.0 0.5274919 0.48678666 0.034967788 0.11997332
2.0 0.38010466 0.5152134 0.07341383 0.08125336
2.0 0.3997464 0.50090665 0.063711755 0.08746665
6.0 0.51292676 0.47818667 0.023341406 0.090879984
4.0 0.4446779 0.47926664 0.038615137 0.05287998
4.0 0.48283818 0.48205334 0.026030585 0.030666659
