2.0 0.56969804 0.5552 0.07015301 0.18362665
2.0 0.24256039 0.5879467 0.16070853 0.20282666
2.0 0.2761111 0.57741326 0.16721417 0.17919996
2.0 0.30651772 0.5719867 0.12636875 0.15202662
2.0 0.35241544 0.5296 0.10576491 0.14490663
2.0 0.34053946 0.54502666 0.08652174 0.13421337
2.0 0.54042673 0.53478664 0.037037034 0.100773335
0.0 0.031421095 0.5588133 0.025499197 0.2348533
5.0 0.18410628 0.7181867 0.13755234 0.25525331
5.0 0.0855636 0.78846663 0.15019324 0.41773334
5.0 0.2261715 0.65166664 0.11707728 0.23704004
5.0 0.26012078 0.64056003 0.09125605 0.20325334
5.0 0.037979066 0.7547067 0.07595813 0.4298933
5.0 0.7993075 0.8131733 0.2559581 0.36832
4.0 0.43713364 0.50428003 0.07887277 0.08066665
4.0 0.50674313 0.50428003 0.053711753 0.07512001
