0.0 0.9325969 0.66716576 0.1331907 0.6603208
0.0 0.57433766 0.6732754 0.053441003 0.4625936
0.0 0.10537561 0.6883957 0.21075122 0.6178609
3.0 0.23465669 0.72438496 0.1990226 0.54588234
0.0 0.7787076 0.5389171 0.033618744 0.39622995
0.0 0.79876816 0.55842245 0.04766555 0.3450802
8.0 0.26485056 0.74839574 0.07226978 0.3448128
8.0 0.3433966 0.61858284 0.049765747 0.182246
0.0 0.40732634 0.54473263 0.015444256 0.17080215
0.0 0.3927504 0.55014706 0.015096937 0.16082886
0.0 0.46175686 0.54554814 0.01611469 0.1719519
0.0 0.47279885 0.519746 0.012689818 0.1318984
0.0 0.48860258 0.53958553 0.014200302 0.16462564
0.0 0.41110256 0.5377941 0.016098522 0.16328876
4.0 0.43122372 0.5098396 0.025210017 0.0584492
4.0 0.5168134 0.5251203 0.03695479 0.13344918
