0.0 0.6585945 0.7011363 0.05168011 0.5422192
0.0 0.74545634 0.6838503 0.079377994 0.57352936
0.0 0.19683765 0.68847597 0.05805331 0.5025669
0.0 0.46164376 0.56677806 0.031413577 0.26350263
0.0 0.5984613 0.53323525 0.024095308 0.20983955
0.0 0.833748 0.56985295 0.04812604 0.32350272
0.0 0.9547495 0.54212564 0.052633286 0.34018713
0.0 0.7905776 0.5354946 0.030589694 0.26355615
0.0 0.4233481 0.536123 0.016841661 0.14877006
5.0 0.41472134 0.56766045 0.02340067 0.09537431
0.0 0.40780294 0.5298262 0.01697899 0.15093578
2.0 0.46173668 0.48029408 0.020953134 0.069679156
2.0 0.39817446 0.50856954 0.05741519 0.16435827
6.0 0.42195076 0.498008 0.039038748 0.123288766
4.0 0.57136106 0.5306551 0.035274643 0.13344921
4.0 0.14422455 0.66540104 0.06045235 0.40844917
