2.0 0.02587359 0.7875866 0.05174718 0.41949335
2.0 0.3780032 0.5299067 0.053027358 0.07
4.0 0.44212964 0.50116 0.05140904 0.033360004
4.0 0.4979992 0.50472003 0.012648991 0.03136001
4.0 0.5142432 0.49036 0.0074074157 0.023653338
4.0 0.62635267 0.46427998 0.11235105 0.036453314
4.0 0.71244365 0.44746664 0.05667473 0.023999998
4.0 0.80644524 0.44264 0.12756039 0.06912
4.0 0.48409826 0.4876 0.018486341 0.03621333
4.0 0.40987116 0.514 0.047842164 0.055680003
4.0 0.23332527 0.55984 0.026875995 0.1362133
