0.0 0.55061275 0.469973 0.016879082 0.15329729
0.0 0.22717321 0.54160815 0.03050652 0.32862163
0.0 0.9281576 0.66312164 0.1420507 0.6683513
0.0 0.6875123 0.63449997 0.06835783 0.5189459
0.0 0.61749184 0.65335137 0.052826792 0.51199996
0.0 0.78632766 0.65010816 0.073799 0.550054
0.0 0.8691993 0.66322976 0.062091555 0.5281891
0.0 0.74236923 0.53879726 0.0261438 0.20899998
0.0 0.4379861 0.63199997 0.053651948 0.4884324
0.0 0.47230393 0.6243783 0.03594771 0.39356756
0.0 0.50208336 0.5956622 0.039754912 0.43321624
0.0 0.5364461 0.61813515 0.0362255 0.35291895
0.0 0.5603227 0.578446 0.037034307 0.3827838
0.0 0.42188317 0.5153379 0.029142153 0.26754054
0.0 0.47878265 0.51986486 0.035833314 0.24805403
0.0 0.50957924 0.5107027 0.040236928 0.2682162
0.0 0.5585498 0.510527 0.036887214 0.25375676
6.0 0.10921569 0.49864864 0.21843138 0.9972973
4.0 0.27876633 0.51812166 0.05795751 0.2361892
4.0 0.6897917 0.37367567 0.34765524 0.097297296
