3.0 0.21057597 0.50024325 0.02097223 0.09918918
0.0 0.42084965 0.5902838 0.03240195 0.31321624
0.0 0.384951 0.58333784 0.0343137 0.357973
0.0 0.49022466 0.5932297 0.039763086 0.36002702
3.0 0.039669115 0.6851757 0.07933823 0.6242432
0.0 0.7455678 0.477027 0.011168298 0.1137838
0.0 0.7607516 0.47271624 0.011437915 0.099486485
3.0 0.9502655 0.47417566 0.04819452 0.12662162
4.0 0.026674835 0.7147432 0.05334967 0.5597027
4.0 0.3085621 0.48867565 0.008039225 0.06275678
4.0 0.12131944 0.5097973 0.0655147 0.0861892
