5.0 0.049440417 0.5466267 0.07282609 0.13480003
2.0 0.09848229 0.5679866 0.1160628 0.13554665
6.0 0.19355474 0.51342666 0.06448471 0.09826667
5.0 0.23467796 0.51724 0.027053129 0.06605335
2.0 0.3200966 0.5159467 0.032769725 0.064853325
2.0 0.28956118 0.5238133 0.04153785 0.062613316
2.0 0.3644485 0.5093733 0.025885673 0.05186667
4.0 0.39607084 0.49476 0.024718193 0.043919973
4.0 0.4726369 0.4852667 0.04659421 0.024933305
4.0 0.5512802 0.50424 0.011175519 0.07322665
4.0 0.6067472 0.4982 0.08565217 0.054266658
4.0 0.53274155 0.4903867 0.011779422 0.05287998
