2.0 0.07966183 0.7507333 0.15932366 0.4932
2.0 0.86876804 0.76592 0.26085344 0.46282667
2.0 0.28851047 0.6514533 0.15178744 0.2943733
2.0 0.63808775 0.6374534 0.13037841 0.30637336
2.0 0.5540177 0.54282665 0.0563285 0.14549334
0.0 0.35266504 0.56717336 0.020837352 0.16656004
2.0 0.35468197 0.524 0.08260064 0.12725332
5.0 0.5405877 0.4716267 0.053446043 0.2133867
2.0 0.44365942 0.49698666 0.016900199 0.047199998
4.0 0.07303543 0.86828 0.14607085 0.25277328
4.0 0.46638483 0.48438665 0.020547504 0.064613305
4.0 0.5044082 0.5033733 0.016384851 0.08530668
