2.0 0.49517712 0.52612 0.038051516 0.119226694
2.0 0.86779785 0.7398267 0.26279387 0.51501334
2.0 0.36805958 0.53258663 0.04191626 0.08378666
2.0 0.63720614 0.5446133 0.123301096 0.18079996
2.0 0.5869243 0.52625334 0.08935588 0.12050663
6.0 0.5530555 0.49301332 0.06347021 0.09856003
2.0 0.3459984 0.51304 0.0373752 0.07605334
2.0 0.36513686 0.49885336 0.02961354 0.06384002
2.0 0.4075604 0.4957067 0.019822892 0.03914666
2.0 0.32222626 0.50233334 0.023405802 0.05560003
2.0 0.14616747 0.51126665 0.031078907 0.06285334
4.0 0.44659016 0.46627998 0.022632826 0.06978665
