0.0 0.5302545 0.57934487 0.025581587 0.26510695
0.0 0.36230615 0.5576337 0.025581587 0.190508
0.0 0.3416357 0.5542914 0.016696295 0.17885031
8.0 0.11483037 0.8366712 0.15449111 0.3213101
0.0 0.60936594 0.5298797 0.015613919 0.17147057
0.0 0.50847334 0.5370722 0.021534737 0.17131016
0.0 0.5636874 0.583008 0.024499211 0.25516042
0.0 0.5851252 0.53885025 0.022350583 0.20524062
0.0 0.612391 0.52179146 0.028788384 0.17598931
2.0 0.4474717 0.51986635 0.033214886 0.08310158
0.0 0.13528273 0.6247861 0.03957997 0.29486632
8.0 0.17761712 0.73538774 0.08340872 0.3368182
4.0 0.48252824 0.48351604 0.024717286 0.03868982
4.0 0.015222132 0.8007487 0.030444264 0.29385027
