2.0 0.51181155 0.58368003 0.07713368 0.24133332
6.0 0.8854549 0.62406665 0.22747985 0.74653333
2.0 0.68472224 0.5792533 0.15548311 0.26042667
2.0 0.5869283 0.49968 0.07155396 0.10351998
2.0 0.5613325 0.49248 0.047109514 0.07344001
2.0 0.5496337 0.4852667 0.04424313 0.05783997
2.0 0.04359098 0.61308 0.08718196 0.27656
2.0 0.14666264 0.56909335 0.13061996 0.1948267
2.0 0.24820049 0.5506667 0.077125594 0.115253314
2.0 0.35105473 0.50632 0.04214171 0.072266646
2.0 0.37077695 0.49411997 0.030539444 0.077146664
2.0 0.40059984 0.48829335 0.028317224 0.05386666
2.0 0.43534625 0.48237333 0.027053151 0.040373325
2.0 0.05868357 0.56061333 0.10158615 0.15471996
