2.0 0.31947303 0.6343244 0.14602125 0.30335134
3.0 0.9712663 0.4624324 0.055833362 0.24627025
3.0 0.89345586 0.4588108 0.068937935 0.18940541
0.0 0.48245916 0.52012163 0.027598063 0.195973
3.0 0.69080067 0.4680946 0.03794116 0.11267567
0.0 0.33748364 0.53344595 0.02336602 0.22370274
3.0 0.72379494 0.46890542 0.02394608 0.12981081
0.0 0.16455473 0.5625 0.029207513 0.16543242
0.0 0.14887664 0.5699054 0.025498368 0.160027
3.0 0.2679126 0.55758107 0.06945263 0.20818917
0.0 0.18133171 0.56225675 0.025571879 0.16640541
0.0 0.15335785 0.57044595 0.03323529 0.2086216
0.0 0.25870913 0.54494596 0.018839858 0.20562164
2.0 0.9742076 0.41966218 0.04995101 0.11337839
2.0 0.91207105 0.45129728 0.110841475 0.096648656
4.0 0.39488158 0.48437837 0.021053905 0.054162163
4.0 0.52145016 0.45595947 0.02574344 0.033486504
