2.0 0.047447663 0.76888 0.094895326 0.45690665
3.0 0.30171898 0.63216007 0.07050725 0.34608003
3.0 0.34586957 0.6270667 0.05331723 0.3109867
2.0 0.32689214 0.58464 0.08710146 0.16453338
3.0 0.40948468 0.5358933 0.020531382 0.13989332
2.0 0.41183576 0.5250667 0.040177118 0.075733356
2.0 0.5279026 0.50572 0.027624812 0.07511997
2.0 0.9548269 0.70416003 0.088735856 0.5863466
4.0 0.5777094 0.48828 0.014822869 0.12930666
4.0 0.50544286 0.47404 0.018727848 0.043919973
4.0 0.55270934 0.4649733 0.011698859 0.03095998
