2.0 0.49080113 0.53794664 0.04392106 0.11824001
2.0 0.11245169 0.74556 0.22490337 0.50354666
2.0 0.32383657 0.55153334 0.13623992 0.22514664
2.0 0.35184377 0.53326666 0.09619967 0.19224003
2.0 0.39909416 0.5068267 0.07118357 0.11973333
6.0 0.5474879 0.48434666 0.04743962 0.14762667
2.0 0.48412642 0.5097733 0.027640933 0.083546676
6.0 0.20885667 0.61902666 0.2558293 0.47
1.0 0.10991948 0.47285333 0.18122382 0.2925867
4.0 0.98690814 0.5570667 0.020998364 0.15845333
4.0 0.44216183 0.48345333 0.045322053 0.050106663
