0.0 0.7511066 0.5979412 0.04927299 0.44668445
0.0 0.48529485 0.58173794 0.04307756 0.3039572
0.0 0.20071085 0.614639 0.038497586 0.350401
0.0 0.37184167 0.5880748 0.038772196 0.31203207
0.0 0.6450121 0.5637701 0.039313406 0.36368987
3.0 0.41289982 0.5735294 0.03126008 0.24326205
8.0 0.3542165 0.6057754 0.038384482 0.19171122
0.0 0.45879242 0.52026737 0.016421637 0.14812835
0.0 0.43996367 0.5141043 0.010767346 0.14034761
4.0 0.28562197 0.6154011 0.08982229 0.2084492
4.0 0.52940226 0.49454546 0.03192243 0.14454545
