2.0 0.9201757 0.45433784 0.15801474 0.16975676
2.0 0.42737743 0.5153919 0.038627487 0.09478378
3.0 0.57626224 0.48043245 0.029272897 0.09118918
3.0 0.5259232 0.49256757 0.027205875 0.08962161
3.0 0.3023693 0.53097296 0.027679738 0.10751353
2.0 0.77515936 0.4312838 0.062393826 0.06462162
4.0 0.3686111 0.51395947 0.012614386 0.09451352
4.0 0.3929616 0.4959054 0.0092565445 0.0861892
4.0 0.4651797 0.48895946 0.02269604 0.0722973
4.0 0.61128265 0.46952704 0.012614386 0.0722973
4.0 0.71792483 0.45286486 0.052924838 0.06118921
