2.0 0.3626593 0.5821217 0.10002454 0.21856761
3.0 0.8298407 0.4676216 0.069959186 0.18843246
3.0 0.75965685 0.46443245 0.052548997 0.15621622
0.0 0.4552492 0.51493245 0.020171573 0.16024327
3.0 0.61450166 0.4785946 0.03343137 0.10205405
0.0 0.3384232 0.5235 0.017450968 0.17867568
3.0 0.6928881 0.4725 0.022083327 0.112135105
0.0 0.19450162 0.5482162 0.018153587 0.13805403
0.0 0.18903185 0.5527027 0.019746725 0.13313511
3.0 0.2651348 0.5466081 0.06049835 0.17667566
0.0 0.2585907 0.5412432 0.01857024 0.13702703
0.0 0.24292482 0.55254054 0.029983679 0.16859457
0.0 0.3260049 0.5202027 0.01911765 0.17029731
2.0 0.94656456 0.4378243 0.10523696 0.101648636
2.0 0.8565196 0.46443245 0.09441176 0.08475675
4.0 0.5201716 0.45979732 0.025212424 0.03618918
