2.0 0.21896939 0.5814667 0.072061196 0.13504001
2.0 0.4242512 0.5006 0.02764897 0.08002669
6.0 0.37257248 0.48146668 0.037560374 0.09610666
2.0 0.34650967 0.5335334 0.04322865 0.09288001
2.0 0.28948873 0.54836 0.051795505 0.095440045
3.0 0.2794847 0.54532003 0.028454099 0.15186667
0.0 0.3816224 0.50676 0.0063204537 0.060399976
2.0 0.9091989 0.5284667 0.17999195 0.26141334
2.0 0.26238728 0.51078665 0.049621582 0.050799984
4.0 0.44719806 0.49315998 0.018486341 0.04733334
4.0 0.7919001 0.45705333 0.040289834 0.04178667
