2.0 0.50435185 0.53932 0.049766496 0.13384001
2.0 0.3221417 0.59102666 0.1527697 0.22423999
2.0 0.3723269 0.5399467 0.0842834 0.14026663
2.0 0.392029 0.52257335 0.08202898 0.119279996
2.0 0.41457325 0.50052005 0.066441216 0.08621335
6.0 0.44319645 0.46718666 0.056779362 0.09789334
0.0 0.85072464 0.7494 0.11621584 0.49586663
2.0 0.7677576 0.6894933 0.20867148 0.3692267
2.0 0.65972626 0.5985867 0.10634463 0.20864
2.0 0.61846614 0.54322666 0.07778581 0.18346664
0.0 0.56500405 0.5108667 0.013148172 0.09736
2.0 0.66789454 0.51022667 0.08495172 0.10861332
2.0 0.10181964 0.61232 0.20363928 0.27189335
2.0 0.21583335 0.55550665 0.119041875 0.17826663
2.0 0.50031805 0.50142664 0.028832527 0.08706665
2.0 0.2686232 0.53928 0.0737198 0.14191999
6.0 0.77404183 0.49374667 0.12822863 0.16045332
2.0 0.04494364 0.54818666 0.08988728 0.18714666
4.0 0.30713364 0.45984003 0.030225435 0.06954666
