2.0 0.49502015 0.5280267 0.036610287 0.11472
2.0 0.8600443 0.7100667 0.2783011 0.57453334
2.0 0.74706924 0.63894665 0.17742352 0.33442664
2.0 0.68067235 0.5874 0.15366341 0.22749336
2.0 0.4067391 0.5087467 0.025925908 0.054666657
2.0 0.28649354 0.5859333 0.08591788 0.1644
2.0 0.5955475 0.52589333 0.09201286 0.12613331
2.0 0.5657206 0.5123733 0.06913848 0.09173335
6.0 0.5426248 0.48832002 0.05394527 0.082613334
2.0 0.3650322 0.50053334 0.030644123 0.06512002
2.0 0.3797504 0.49994665 0.024975868 0.055893354
2.0 0.34210548 0.49796003 0.019621577 0.04866665
4.0 0.4488768 0.46954665 0.043647356 0.06677335
