2.0 0.4835467 0.49793333 0.021827698 0.07143998
2.0 0.3843277 0.5814 0.083566844 0.22301333
2.0 0.22350241 0.55602664 0.06880836 0.12304003
3.0 0.5569163 0.50398666 0.042254448 0.15463999
0.0 0.34474236 0.53026664 0.008051531 0.13429335
4.0 0.12345411 0.53484 0.020161038 0.11954669
4.0 0.02365137 0.53761333 0.011779389 0.07511997
4.0 0.28281403 0.4917867 0.013454096 0.06677331
4.0 0.34152174 0.5195466 0.026875995 0.06677331
4.0 0.4425805 0.48345333 0.034420285 0.050106663
4.0 0.5310668 0.514 0.015128862 0.09456001
