2.0 0.24708132 0.71212 0.20722221 0.41432
2.0 0.7208253 0.69041336 0.19177936 0.40818667
6.0 0.33405393 0.56677336 0.11955716 0.32837337
2.0 0.63392913 0.60508 0.121964544 0.24904002
2.0 0.598752 0.5482 0.055008024 0.15298666
6.0 0.19616747 0.49596 0.20049922 0.23842669
2.0 0.61652976 0.51145333 0.06534622 0.14728001
6.0 0.50544286 0.48046666 0.025829315 0.090426646
6.0 0.6836836 0.46271998 0.109830946 0.13845332
2.0 0.41316828 0.49737334 0.029605502 0.06775999
4.0 0.46374393 0.47521332 0.029597465 0.07655998
4.0 0.54435587 0.4400267 0.033252805 0.09551998
