2.0 0.83544284 0.75859994 0.327504 0.47746664
2.0 0.12083333 0.6537333 0.24166666 0.32010666
2.0 0.2379831 0.58261335 0.16582125 0.20346668
2.0 0.2860467 0.57410663 0.16028985 0.17999996
2.0 0.30147746 0.55568 0.13598229 0.15855996
2.0 0.67469 0.64346665 0.14495169 0.33866668
2.0 0.57344604 0.54830664 0.05101449 0.119439974
2.0 0.34763283 0.55293334 0.099275365 0.13685335
6.0 0.36071256 0.5290266 0.08459743 0.14018668
6.0 0.53043073 0.48121333 0.02619162 0.09213332
2.0 0.41854668 0.50052 0.05443641 0.060933318
2.0 0.43049112 0.4921867 0.049275354 0.06794667
6.0 0.5199275 0.47152 0.018985521 0.07519998
4.0 0.48241952 0.46957332 0.072165854 0.055680003
