0.0 0.27078024 0.48693243 0.013341495 0.118243255
0.0 0.34895834 0.48470268 0.00871731 0.086270265
0.0 0.26962417 0.46727028 0.009803931 0.0916216
2.0 0.8292607 0.55404055 0.08847219 0.13024323
2.0 0.8943423 0.55744594 0.09883172 0.1247297
2.0 0.94795346 0.55917567 0.10245913 0.12629731
0.0 0.28748775 0.46736485 0.009534313 0.09802703
0.0 0.33753675 0.57017565 0.027508168 0.24186485
0.0 0.4308497 0.55777025 0.042761438 0.266027
3.0 0.59683824 0.57137835 0.087859474 0.31675676
3.0 0.1247018 0.6587838 0.118766345 0.49837834
2.0 0.5062541 0.5021486 0.029485295 0.07624323
0.0 0.2489992 0.4745 0.0125245135 0.1067838
0.0 0.18568628 0.473527 0.008986928 0.118621625
0.0 0.8233334 0.5186892 0.016339893 0.098621644
4.0 0.47238153 0.4720135 0.009714035 0.021810804
4.0 0.3873815 0.499554 0.018374171 0.055
