2.0 0.5935467 0.48878667 0.024983905 0.06850665
2.0 0.5319847 0.4988 0.037399337 0.07983998
2.0 0.30415058 0.5439867 0.0602979 0.10738669
2.0 0.40749195 0.51481336 0.030040286 0.06605335
7.0 0.50541866 0.46021333 0.051272165 0.08357334
4.0 0.25150967 0.52757335 0.026916277 0.033706665
4.0 0.4430274 0.49642664 0.016859917 0.044320006
4.0 0.5657166 0.47902665 0.017101424 0.044666667
4.0 0.69712967 0.43889332 0.12165056 0.034373317
4.0 0.91438 0.44324 0.16499202 0.042479992
4.0 0.1943277 0.55428 0.07467793 0.07512001
4.0 0.7889613 0.44731998 0.08138488 0.050106697
