2.0 0.33614376 0.61513513 0.12771241 0.27
3.0 0.9315278 0.4640946 0.09089869 0.22737837
3.0 0.8431903 0.46113512 0.062426522 0.17724326
0.0 0.47281048 0.51902705 0.026356198 0.18291892
3.0 0.66366017 0.47182432 0.0362745 0.10889186
0.0 0.33898285 0.528973 0.020138899 0.2072973
3.0 0.7133864 0.47086483 0.02352124 0.12383784
0.0 0.17383578 0.5571081 0.026821896 0.15578382
0.0 0.16681781 0.5645135 0.024616014 0.15064862
3.0 0.26479167 0.5537568 0.066691175 0.19756757
0.0 0.20917892 0.5562027 0.023112752 0.15629728
0.0 0.1851062 0.5636081 0.026094766 0.19332433
0.0 0.2815278 0.5365135 0.016535964 0.19340542
2.0 0.96419936 0.42624325 0.06996736 0.10902704
2.0 0.89267975 0.4560946 0.105212435 0.092675686
4.0 0.5213889 0.4542703 0.023218926 0.032756772
4.0 0.39715686 0.4833919 0.021013077 0.06672975
