2.0 0.66779387 0.61028004 0.12285024 0.25160003
2.0 0.51579714 0.49456 0.057890482 0.066880025
0.0 0.39854267 0.5141467 0.012077332 0.11741335
3.0 0.7076691 0.52704 0.054307573 0.14026669
2.0 0.6695652 0.47941333 0.056779362 0.06986666
2.0 0.8119605 0.47069332 0.074291505 0.06746663
6.0 0.9694163 0.46104002 0.059557144 0.08821334
2.0 0.33238325 0.5116133 0.051159427 0.06952
2.0 0.22183575 0.5155067 0.045813195 0.065093346
2.0 0.4837681 0.48777336 0.017697243 0.040133305
2.0 0.4561111 0.48797336 0.020579701 0.040960006
4.0 0.5795209 0.47118667 0.009959766 0.026533332
4.0 0.56095004 0.46442667 0.007165863 0.017813308
4.0 0.063075684 0.5404 0.08726248 0.09178669
