2.0 0.16457327 0.58604 0.072866336 0.16264002
6.0 0.13133253 0.5444933 0.06588567 0.14136001
2.0 0.19796297 0.57868 0.05294686 0.10583997
2.0 0.59093803 0.51929337 0.03865537 0.077039994
5.0 0.65690416 0.49194667 0.012278602 0.056479998
4.0 0.03518921 0.57222664 0.060249597 0.060346704
4.0 0.2663889 0.5276666 0.013421899 0.041360002
4.0 0.7307569 0.48334667 0.03259259 0.041946683
4.0 0.7542713 0.47510666 0.013985498 0.05746668
4.0 0.69251204 0.48761335 0.010933967 0.052880015
4.0 0.7847746 0.48898667 0.04112725 0.06677335
