2.0 0.4905797 0.53602666 0.04404186 0.11856001
2.0 0.066380836 0.7515067 0.13276167 0.4916533
2.0 0.30537438 0.56468 0.14812401 0.25394663
2.0 0.33923107 0.54274666 0.10419484 0.21178667
2.0 0.37190014 0.5316 0.08028984 0.11872002
2.0 0.39429545 0.51141334 0.07509663 0.12714665
6.0 0.5505395 0.47392002 0.05041867 0.15610668
2.0 0.4833897 0.5038667 0.02779384 0.08352
6.0 0.15078503 0.65912 0.30157006 0.60576004
1.0 0.091268115 0.469 0.18253623 0.31858665
4.0 0.4477697 0.47988 0.031771343 0.036720004
