2.0 0.93345803 0.77303994 0.13147345 0.44858667
2.0 0.8716063 0.6802533 0.25517714 0.63416
6.0 0.4494726 0.51444 0.044500805 0.16162668
6.0 0.7733052 0.4676667 0.20384057 0.25592002
2.0 0.2896417 0.55008 0.06698068 0.12522663
2.0 0.21474235 0.52949333 0.08399357 0.17125334
2.0 0.38444448 0.5021333 0.034750395 0.09109334
2.0 0.58907 0.51624 0.06295495 0.116053306
2.0 0.47576487 0.47603998 0.027262505 0.07885333
6.0 0.5057166 0.44885334 0.028888885 0.1024
2.0 0.6333495 0.50624 0.06570049 0.122506686
6.0 0.9502616 0.447 0.097866334 0.18845333
1.0 0.47057968 0.43526667 0.029259227 0.14392002
5.0 0.14199276 0.58148 0.13356683 0.097520046
2.0 0.08429952 0.5660266 0.10877616 0.1336533
2.0 0.013232689 0.5686533 0.026465379 0.108933315
5.0 0.03206119 0.56577337 0.06412238 0.11288003
5.0 0.014669887 0.51882666 0.029339774 0.11269331
