2.0 0.48109898 0.545 0.046159428 0.12455998
2.0 0.16140902 0.76310664 0.32281804 0.46845335
2.0 0.30119166 0.6992 0.16879229 0.36911997
2.0 0.18580516 0.6578401 0.1562963 0.28208002
2.0 0.23955718 0.60370666 0.12848632 0.2112
2.0 0.32066828 0.55328 0.09177133 0.13461335
2.0 0.34182367 0.53716 0.0849356 0.13032
2.0 0.37018517 0.52475995 0.06109499 0.086799994
2.0 0.43856683 0.52392 0.035555568 0.083413325
2.0 0.39753622 0.50346667 0.05777777 0.073546685
2.0 0.82891303 0.7452267 0.3405636 0.50421333
2.0 0.5512681 0.53977334 0.04960546 0.123013325
1.0 0.5429469 0.44997334 0.056521732 0.21925333
0.0 0.5998067 0.50726664 0.01288246 0.12274667
2.0 0.11139694 0.5562133 0.10783414 0.124906644
2.0 0.48552337 0.51406664 0.029098239 0.08797332
2.0 0.25710547 0.5123867 0.04583738 0.07613332
4.0 0.43839374 0.47233334 0.022681145 0.044560023
