3.0 0.774682 0.5755734 0.09644926 0.44698668
3.0 0.6220088 0.51156 0.019235112 0.15170662
0.0 0.63800323 0.5064667 0.014138495 0.11426667
0.0 0.6532206 0.5046267 0.011851856 0.11421336
5.0 0.651095 0.5202133 0.013719786 0.066133365
3.0 0.58459747 0.49631998 0.009162676 0.081173316
4.0 0.9106038 0.46634668 0.15276973 0.038666658
4.0 0.96330917 0.5669866 0.070096605 0.06682665
4.0 0.5776087 0.46400002 0.10151373 0.03898665
4.0 0.7076087 0.49733332 0.061256044 0.07232002
4.0 0.49165052 0.47789335 0.036940392 0.022346666
4.0 0.39771333 0.48482665 0.018486341 0.030666692
