2.0 0.14475082 0.7594865 0.28950164 0.4756216
0.0 0.6346242 0.5670946 0.054460753 0.3331081
3.0 0.9781454 0.43843243 0.042075202 0.1390811
0.0 0.3773162 0.59658104 0.07036766 0.34818918
0.0 0.37792483 0.59743243 0.05392156 0.39740542
3.0 0.8039135 0.48540542 0.02738562 0.1747568
0.0 0.09130719 0.6014324 0.018382356 0.25324324
0.0 0.080330886 0.61462164 0.029142153 0.24621622
3.0 0.39438316 0.5883919 0.09399512 0.3008378
0.0 0.015694445 0.6084324 0.03138889 0.3175135
2.0 0.9895221 0.4696757 0.019321896 0.11962162
2.0 0.38300243 0.4874054 0.026593117 0.06416219
4.0 0.5252124 0.45731083 0.025179727 0.021054063
