2.0 0.4834984 0.49920002 0.01958938 0.06170668
2.0 0.40425926 0.55944 0.05861514 0.14586666
2.0 0.82762074 0.7457467 0.34314814 0.5031733
2.0 0.6596055 0.65444 0.16088568 0.37837332
2.0 0.6022061 0.58428 0.08483092 0.2541067
2.0 0.5554066 0.5409733 0.052278563 0.13266669
2.0 0.525942 0.51166666 0.02658617 0.07768001
2.0 0.5414775 0.5269333 0.039508864 0.11269335
2.0 0.3233253 0.52217335 0.057826065 0.07015998
2.0 0.24882044 0.52392 0.06520932 0.07322665
2.0 0.51351047 0.4954 0.018760046 0.05213332
0.0 0.6509461 0.53518665 0.024114337 0.23234664
