2.0 0.041948467 0.7682533 0.083896935 0.40429333
2.0 0.96816015 0.60068 0.06206921 0.65848
5.0 0.8325 0.74987996 0.3333897 0.34717336
2.0 0.7734622 0.5944933 0.24563608 0.29229334
3.0 0.048470207 0.7342667 0.09694041 0.52613336
2.0 0.64436793 0.57291996 0.13822061 0.18690665
5.0 0.67487115 0.5879467 0.13504028 0.20682666
5.0 0.7608172 0.47789332 0.06142512 0.15349333
2.0 0.38994765 0.5748667 0.06590178 0.1281867
2.0 0.3001449 0.5746266 0.043075673 0.12759998
1.0 0.2933615 0.5131733 0.05443639 0.22159995
4.0 0.24678339 0.51309335 0.013502416 0.055253334
4.0 0.17935587 0.5328134 0.071256034 0.04754666
4.0 0.22603461 0.51672 0.022729466 0.044693332
4.0 0.34250805 0.55032 0.019283408 0.04085333
