2.0 0.17301127 0.60008 0.16206118 0.19418666
2.0 0.2541264 0.56238663 0.1133736 0.15533336
2.0 0.28247988 0.5442 0.10091788 0.13458665
2.0 0.32276973 0.5291333 0.09014493 0.11757333
2.0 0.3402496 0.52860004 0.072818056 0.09453338
2.0 0.3580958 0.5200267 0.053454082 0.0842667
2.0 0.37360305 0.51916 0.056658607 0.06621333
2.0 0.38094604 0.5032 0.04960546 0.07466667
2.0 0.39194444 0.50192004 0.049814813 0.066986665
2.0 0.40004027 0.5010667 0.047439598 0.060799975
4.0 0.44222623 0.48508 0.022343 0.04205336
4.0 0.5026288 0.49099997 0.013534637 0.034640007
4.0 0.5209179 0.47312 0.012673105 0.028266668
4.0 0.6878825 0.45694664 0.1392593 0.04738668
4.0 0.82553136 0.43692 0.08320445 0.044079985
4.0 0.5482568 0.4751067 0.024355888 0.022319999
4.0 0.7977737 0.49457332 0.03358296 0.20568
