2.0 0.516809 0.5662633 0.06507655 0.1950266
2.0 0.03150282 0.6745877 0.06300564 0.33327127
2.0 0.21571715 0.6855319 0.21438357 0.3656915
5.0 0.35071313 0.44964096 0.14289284 0.42789894
5.0 0.43632552 0.45195478 0.033698626 0.1469415
2.0 0.10927075 0.57591754 0.12872684 0.15954788
6.0 0.21850927 0.5113032 0.08256245 0.15095745
2.0 0.5441499 0.52227396 0.02707495 0.068377666
2.0 0.59048754 0.50776595 0.024875095 0.044468097
4.0 0.16212732 0.5015159 0.056422245 0.10845746
4.0 0.036627717 0.66817814 0.073255435 0.35289893
