2.0 0.8891184 0.75307995 0.22015299 0.48850664
2.0 0.23739935 0.6542667 0.20442836 0.43968
2.0 0.3952335 0.56313336 0.09468601 0.21314669
2.0 0.7092271 0.63974667 0.15869562 0.35789338
2.0 0.6474557 0.57111996 0.074380055 0.21264005
2.0 0.53423107 0.51747996 0.06411435 0.118693314
6.0 0.82742345 0.46689335 0.07125609 0.13634668
6.0 0.76967794 0.46048 0.061706908 0.120426655
1.0 0.6680435 0.42785332 0.036215782 0.10690665
4.0 0.5867311 0.47062665 0.04513686 0.077893324
4.0 0.61577296 0.44596 0.04028988 0.07512001
4.0 0.45223027 0.48066667 0.018486295 0.038986683
