2.0 0.41852543 0.5094282 0.017518135 0.047101088
2.0 0.46797743 0.5599734 0.06286866 0.17276594
2.0 0.03719178 0.75461435 0.07438356 0.41178197
6.0 0.03870669 0.5801862 0.07741338 0.28718087
2.0 0.15098712 0.65150267 0.16200645 0.2711968
2.0 0.38217562 0.54796547 0.04477033 0.13710107
2.0 0.24336824 0.568883 0.082659155 0.1501596
2.0 0.16250202 0.5650798 0.09464141 0.14037235
2.0 0.30278808 0.534867 0.04222402 0.09148935
6.0 0.2139887 0.5200931 0.06478646 0.1324202
2.0 0.32215953 0.52328455 0.031958103 0.07125
6.0 0.34403706 0.4919548 0.02409347 0.09146278
5.0 0.38284448 0.4848803 0.02839647 0.10954789
