2.0 0.026618358 0.6721067 0.053236715 0.40165332
2.0 0.087902576 0.6550666 0.17580515 0.31242663
2.0 0.17208534 0.5945467 0.17409018 0.22738671
2.0 0.20644525 0.58268005 0.14681965 0.20701334
2.0 0.2723229 0.54547995 0.068413846 0.12573335
2.0 0.30640498 0.53812 0.090346225 0.11735998
2.0 0.3786393 0.51941335 0.033462185 0.08224
4.0 0.40884054 0.49686667 0.033655394 0.067226686
4.0 0.48740742 0.4839067 0.019887289 0.038000006
4.0 0.53340983 0.4902267 0.017979076 0.061200004
4.0 0.55503625 0.47493336 0.014887311 0.036693335
4.0 0.68656605 0.44397333 0.061280206 0.050293308
4.0 0.7760829 0.42418668 0.11432366 0.06746667
4.0 0.8729106 0.44657332 0.13865535 0.07842667
4.0 0.9492391 0.44128004 0.09815625 0.10490666
