0.0 0.52890116 0.4685 0.01620102 0.1547838
0.0 0.21764705 0.5380946 0.04096406 0.32186484
0.0 0.43375814 0.46752706 0.023169972 0.1835946
0.0 0.8977288 0.7104054 0.20290847 0.57378376
0.0 0.9139992 0.61031085 0.17036764 0.773973
0.0 0.95664215 0.7567027 0.085081734 0.4811892
0.0 0.9830147 0.7018919 0.032336645 0.5908108
0.0 0.70326793 0.725081 0.16140525 0.54443246
0.0 0.53914624 0.6761891 0.067981996 0.56232435
0.0 0.6447263 0.68845946 0.05842318 0.5055135
0.0 0.70039624 0.64444596 0.06430558 0.5414865
0.0 0.7782149 0.63406754 0.06719771 0.51154053
6.0 0.109125815 0.49864864 0.21825163 0.9972973
4.0 0.27708334 0.544527 0.089869276 0.3222973
4.0 0.7305188 0.3597838 0.21582521 0.09172971
4.0 0.357692 0.44035134 0.010939552 0.07508107
4.0 0.40471813 0.43481082 0.019338245 0.10286488
4.0 0.4542565 0.45285136 0.021013033 0.11672974
