0.0 0.7083562 0.6978075 0.0732391 0.58048123
0.0 0.16441843 0.7012567 0.080775455 0.59213895
0.0 0.0469063 0.7068716 0.0938126 0.5809091
0.0 0.98924077 0.65868986 0.019903092 0.6772727
0.0 0.50575525 0.5175 0.03446688 0.2343048
0.0 0.6688166 0.65569514 0.035274643 0.45336896
0.0 0.6138086 0.61534756 0.04388532 0.37973264
0.0 0.59291196 0.5861898 0.032576744 0.32393044
0.0 0.66341275 0.55669785 0.057342485 0.30970588
0.0 0.62565833 0.5944786 0.024773825 0.31799465
0.0 0.6587884 0.5168984 0.042552494 0.24930485
2.0 0.45711225 0.4900802 0.046567053 0.11925132
4.0 0.035262518 0.6681551 0.070525035 0.5362032
4.0 0.55163974 0.48621657 0.02604203 0.11120319
