2.0 0.94685453 0.5676351 0.10465685 0.13867569
2.0 0.89439535 0.5628784 0.10196077 0.1318108
2.0 0.8257884 0.5622973 0.09469768 0.14199999
2.0 0.5061928 0.50735134 0.027875809 0.08194593
0.0 0.16616422 0.475473 0.0141584985 0.12786487
0.0 0.2295629 0.50082433 0.016609486 0.15748647
3.0 0.49112338 0.5155541 0.03368464 0.18916218
0.0 0.209951 0.4795135 0.015245097 0.12518917
0.0 0.34670752 0.5618919 0.035130706 0.27535138
0.0 0.3823243 0.5593783 0.023423195 0.263027
0.0 0.4048897 0.56787837 0.043848038 0.28937835
0.0 0.5632802 0.60894597 0.03785129 0.39870268
0.0 0.57525325 0.6003108 0.02913398 0.34786484
0.0 0.41109884 0.6187433 0.03785129 0.37272975
0.0 0.44919932 0.59890544 0.04901963 0.35305408
0.0 0.4801307 0.59494597 0.04084964 0.30816218
0.0 0.34814543 0.57647294 0.037581693 0.30527028
4.0 0.5995261 0.61395943 0.05124183 0.34451348
