3.0 0.73741144 0.60370666 0.06477456 0.38037333
0.0 0.6216586 0.54965335 0.02219005 0.25018665
8.0 0.9431884 0.72889334 0.07235109 0.31800002
8.0 0.9785668 0.73844 0.04125604 0.29544005
0.0 0.9890378 0.61011994 0.02031399 0.4236
0.0 0.79708135 0.57152 0.031505674 0.27749333
0.0 0.77369165 0.5626 0.026594253 0.24429335
0.0 0.23212965 0.56098664 0.025241558 0.20437333
0.0 0.29454508 0.55177337 0.019605478 0.20514669
6.0 0.46721417 0.47198668 0.04847018 0.1265333
4.0 0.041682772 0.5764933 0.051191624 0.18066666
4.0 0.18929148 0.56122667 0.049516916 0.12789337
4.0 0.42328906 0.5154 0.036094982 0.114000015
4.0 0.6593841 0.56538665 0.033582915 0.13621338
4.0 0.68413043 0.53482664 0.017648969 0.10288
4.0 0.39142108 0.48482665 0.09648148 0.09178666
