2.0 0.09109098 0.74234664 0.18218195 0.50997335
2.0 0.112822056 0.67276 0.22564411 0.40648
2.0 0.15935186 0.62536 0.27678743 0.31786662
2.0 0.19966586 0.58695996 0.17424315 0.2419733
2.0 0.26070046 0.58860004 0.15924317 0.19879998
2.0 0.27737117 0.56666666 0.15551531 0.1741867
2.0 0.32244766 0.5294667 0.109307565 0.14725335
2.0 0.33839774 0.5204667 0.11 0.16594669
3.0 0.44884464 0.5159067 0.009911446 0.079973325
2.0 0.6969163 0.71033335 0.17848632 0.39576003
2.0 0.764372 0.58849335 0.19971012 0.25266665
2.0 0.6778583 0.5625067 0.11690821 0.15935996
2.0 0.63901365 0.54616 0.10698069 0.13375998
2.0 0.6200846 0.5346533 0.10044284 0.10930671
2.0 0.61361915 0.5272933 0.08376004 0.122533284
2.0 0.38507247 0.51974666 0.074669905 0.08232001
2.0 0.39896134 0.514 0.06458937 0.075946674
2.0 0.5255757 0.5154 0.027302697 0.06792001
6.0 0.5014895 0.47278666 0.011851856 0.045039993
4.0 0.4732528 0.47566667 0.024315652 0.025893347
