0.0 0.71037436 0.62046665 0.04686796 0.47538668
0.0 0.08111514 0.61956006 0.04464573 0.31650668
0.0 0.14169082 0.60884 0.040837355 0.34850666
8.0 0.74028176 0.6337066 0.07291462 0.2403733
8.0 0.04541868 0.62564 0.048534624 0.15442668
3.0 0.3586111 0.53385335 0.032278582 0.18546663
6.0 0.44130436 0.48907998 0.059838977 0.15463999
0.0 0.7202496 0.59529334 0.044734318 0.37645337
3.0 0.49748793 0.51556003 0.033719834 0.114853345
4.0 0.38753217 0.50170666 0.036433153 0.054186683
4.0 0.64260876 0.51817334 0.021835735 0.08066665
4.0 0.6757407 0.63482666 0.04112725 0.20288001
4.0 0.18677938 0.56261337 0.031062808 0.16954668
4.0 0.27107084 0.54454666 0.03022546 0.11677333
4.0 0.7805757 0.54870665 0.04615938 0.18621336
