2.0 0.49333736 0.53428 0.04348628 0.11709329
6.0 0.12535024 0.55406666 0.25070047 0.8865333
2.0 0.27825284 0.60664 0.17193238 0.23616001
2.0 0.37321657 0.52133334 0.1001208 0.15429337
2.0 0.38823673 0.5051066 0.0747504 0.13991997
2.0 0.41811997 0.49484 0.058671497 0.096453324
6.0 0.53978664 0.47788 0.03862322 0.12093333
2.0 0.48785427 0.5068 0.02743158 0.08288002
6.0 0.32933575 0.5422133 0.15400162 0.24533333
1.0 0.20318839 0.46406665 0.11685991 0.21538663
4.0 0.9546538 0.50704 0.08740743 0.06954666
4.0 0.45725846 0.47928 0.03525761 0.06954666
