2.0 0.5136916 0.59258664 0.06472624 0.17872003
2.0 0.2686554 0.54661334 0.06352656 0.11109332
3.0 0.6765218 0.55068 0.06407406 0.16002662
6.0 0.55956525 0.51261336 0.043623198 0.15253332
0.0 0.41054752 0.54468 0.012351036 0.16125335
6.0 0.34183976 0.51588 0.03532205 0.07842667
2.0 0.39894122 0.5339333 0.069879234 0.10423998
2.0 0.41638893 0.5273333 0.06387279 0.07504
2.0 0.43367958 0.52756006 0.04803544 0.067386664
2.0 0.48639697 0.54432 0.03701287 0.109280005
4.0 0.47193637 0.48342663 0.036094982 0.055653334
4.0 0.5138728 0.47788 0.019323668 0.050106663
