2.0 0.5866304 0.58382666 0.101698875 0.22909331
2.0 0.14698067 0.74924 0.29396135 0.49618667
0.0 0.10605878 0.6664133 0.029653782 0.45698667
2.0 0.1982649 0.59033334 0.13868758 0.16776
2.0 0.42345005 0.52125335 0.040958133 0.11824001
2.0 0.5345894 0.53212005 0.050016087 0.12295999
0.0 0.14934783 0.67592 0.03409018 0.45754668
2.0 0.43884864 0.51420003 0.027343024 0.07074666
2.0 0.51103866 0.49685335 0.024541037 0.08447998
4.0 0.45223027 0.49732 0.020161038 0.050106663
4.0 0.49583736 0.49454668 0.020161038 0.04455999
