2.0 0.9363487 0.7765733 0.12569237 0.44151998
2.0 0.14219405 0.78294665 0.2843881 0.42877334
2.0 0.6363768 0.6375333 0.12499196 0.29645333
2.0 0.33033013 0.6063333 0.10243155 0.22973333
2.0 0.3984219 0.54573333 0.04273753 0.11072002
3.0 0.45910627 0.50758666 0.008437974 0.06760001
3.0 0.46871984 0.50387996 0.007922717 0.063599996
2.0 0.42478663 0.52606666 0.027753603 0.06567999
2.0 0.519698 0.49798664 0.01648149 0.044880014
2.0 0.551095 0.5289067 0.045475006 0.12277334
4.0 0.50530994 0.48421335 0.019943645 0.070560016
