2.0 0.09014493 0.7733466 0.18028986 0.4479733
2.0 0.20973028 0.6812267 0.20479067 0.3293333
2.0 0.8427979 0.75189334 0.31279388 0.49087998
2.0 0.38811594 0.53462666 0.048421904 0.11304001
2.0 0.6926087 0.6514 0.15793882 0.33149332
2.0 0.628595 0.57590663 0.08672301 0.2023733
2.0 0.59592193 0.5482133 0.06414654 0.14559998
2.0 0.4073953 0.52466667 0.043438002 0.09845335
2.0 0.58166665 0.5289467 0.045619965 0.1134133
4.0 0.50800323 0.48483998 0.031062808 0.04733334
4.0 0.5389654 0.48436 0.035821233 0.056133337
