6.0 0.8003502 0.49866667 0.3976892 0.99733335
2.0 0.1088124 0.65598667 0.2176248 0.4307467
2.0 0.14063607 0.6174666 0.28127214 0.3064533
2.0 0.27470613 0.55024 0.17295492 0.19717333
2.0 0.3581361 0.5192133 0.107141696 0.11981334
6.0 0.35583737 0.47612 0.12863125 0.20520003
2.0 0.5578704 0.5333733 0.050893694 0.123653345
2.0 0.6178583 0.51624 0.06966182 0.098133326
4.0 0.50925523 0.46956 0.016803559 0.04455999
4.0 0.44719404 0.47649333 0.06545089 0.080666676
4.0 0.49668276 0.46400002 0.028550738 0.033440012
