2.0 0.9318036 0.76012 0.13478261 0.47442666
3.0 0.6665982 0.58925337 0.031553905 0.2047467
2.0 0.38188407 0.6058133 0.08028986 0.21087997
2.0 0.58709747 0.5818 0.08469404 0.22311997
2.0 0.5639613 0.56792 0.05713363 0.14448002
6.0 0.54968196 0.53782666 0.050845418 0.14333333
2.0 0.4445491 0.52518666 0.028792245 0.080133334
6.0 0.5319163 0.5109867 0.032512076 0.10288
4.0 0.47529384 0.489 0.015966188 0.04455999
4.0 0.50423104 0.47370666 0.021843819 0.03621333
4.0 0.5155475 0.5084533 0.031062761 0.06122664
