2.0 0.46100643 0.54077333 0.037632853 0.10239996
2.0 0.2720733 0.75876 0.23978263 0.47714666
2.0 0.20754026 0.6175333 0.16884863 0.26824
5.0 0.3683253 0.60056 0.048470203 0.13594665
5.0 0.4095934 0.54726666 0.021956488 0.0889867
2.0 0.3185145 0.5557467 0.10073269 0.122906685
2.0 0.3470652 0.54077333 0.07625602 0.117493324
2.0 0.37754026 0.53077334 0.06720611 0.08485334
2.0 0.39430758 0.52595997 0.05030598 0.07501333
6.0 0.4031522 0.50372 0.053228673 0.08477334
1.0 0.7874034 0.49866667 0.29973435 0.99733335
2.0 0.5684098 0.5787333 0.0719243 0.18354668
2.0 0.53372383 0.5416 0.04384059 0.11098664
1.0 0.5181602 0.46617332 0.049557187 0.20584
2.0 0.100020126 0.5624933 0.11242351 0.1345867
2.0 0.46361116 0.5204 0.027850242 0.08133333
4.0 0.10569243 0.8084666 0.21138486 0.37240002
