6.0 0.6151731 0.56890666 0.08530599 0.30442667
2.0 0.35485104 0.6113867 0.12818843 0.21354668
2.0 0.25865138 0.57954663 0.14747988 0.26368
2.0 0.52057564 0.5340933 0.05366348 0.13752005
2.0 0.8999799 0.5877467 0.1694444 0.24285333
2.0 0.6610628 0.49314666 0.038888887 0.111360006
6.0 0.7026369 0.45836 0.04614335 0.13912
2.0 0.95266503 0.5589733 0.09305954 0.25330663
1.0 0.6532206 0.43344 0.044734273 0.19568
5.0 0.16386071 0.6430934 0.21459743 0.15797336
2.0 0.10626409 0.61200005 0.16816425 0.19248001
2.0 0.035873592 0.60924 0.071747184 0.15048
5.0 0.045668274 0.6151467 0.09133655 0.15829335
5.0 0.1154066 0.54039997 0.054049924 0.12543999
