2.0 0.0689211 0.76617336 0.1378422 0.46232
6.0 0.9219404 0.53124 0.15450886 0.42786667
2.0 0.2338889 0.7078267 0.19439614 0.39869335
2.0 0.33180755 0.60342664 0.115209356 0.23303999
2.0 0.8350564 0.50964004 0.101433165 0.19261333
2.0 0.74858695 0.51702666 0.092246376 0.15703999
2.0 0.70660627 0.51302665 0.077962965 0.13981335
2.0 0.6882367 0.51100004 0.07848635 0.12125332
2.0 0.6717311 0.49805334 0.07623191 0.11418666
2.0 0.57072055 0.54957336 0.060442835 0.15930669
2.0 0.40776572 0.53393334 0.054951712 0.12808003
6.0 0.42487118 0.5074533 0.046070825 0.13122664
2.0 0.6058132 0.48861334 0.057697296 0.08453335
1.0 0.5112802 0.4525067 0.04159419 0.14186665
4.0 0.07355877 0.5570667 0.1384219 0.058453355
4.0 0.44761676 0.5028933 0.031062808 0.077893324
