2.0 0.6386836 0.5792533 0.09327698 0.20079997
2.0 0.5514694 0.49069333 0.053663436 0.06074667
0.0 0.40998387 0.5092533 0.008856682 0.10741336
3.0 0.68770534 0.5215867 0.04768117 0.124293365
2.0 0.6936554 0.47793335 0.053945225 0.06647999
2.0 0.82438004 0.47616 0.07159424 0.064159974
6.0 0.96688807 0.4608533 0.06461352 0.08400001
2.0 0.31949276 0.51044 0.04966184 0.06413334
2.0 0.48790258 0.48734665 0.016996792 0.03853331
2.0 0.4609179 0.48757336 0.01974233 0.039360013
4.0 0.510934 0.48483998 0.03190018 0.05287998
4.0 0.22368358 0.5209467 0.052874405 0.08621331
4.0 0.0823591 0.5390133 0.08893719 0.12789331
4.0 0.36416668 0.49733332 0.011779376 0.061226673
