0.0 0.5353023 0.47348648 0.017107828 0.15681084
0.0 0.24464053 0.53685135 0.031454246 0.32759458
0.0 0.71957105 0.74737835 0.07441993 0.49983785
0.0 0.79073936 0.727527 0.0878186 0.5395405
0.0 0.5055596 0.4857838 0.028897058 0.18059458
0.0 0.5264216 0.53937835 0.031666666 0.32718918
0.0 0.5223203 0.5166892 0.02792481 0.2908919
0.0 0.482982 0.54063517 0.032107808 0.32391897
0.0 0.46199346 0.53652704 0.032924835 0.33521622
0.0 0.43046162 0.47724324 0.02352124 0.17929731
0.0 0.44838232 0.46931082 0.016143754 0.18802701
0.0 0.42232022 0.47175676 0.018022856 0.17356756
0.0 0.4017933 0.47598648 0.018292472 0.18343244
0.0 0.3384232 0.47532433 0.019656863 0.18291889
0.0 0.35757762 0.48067567 0.016397068 0.16048649
0.0 0.3780147 0.47233787 0.017352944 0.18305407
6.0 0.10939542 0.49864864 0.21879084 0.9972973
4.0 0.28632352 0.50285137 0.046209153 0.16672976
4.0 0.78719366 0.38897297 0.42154413 0.08897298
