2.0 0.49484298 0.54832 0.04403382 0.11968003
2.0 0.08581723 0.7499333 0.17163447 0.4948
2.0 0.20320854 0.67594665 0.19992751 0.38208002
2.0 0.3297021 0.57725334 0.12545894 0.17888
2.0 0.35710952 0.5605467 0.09734301 0.1564533
2.0 0.38497987 0.5336667 0.07567635 0.10685335
6.0 0.4066747 0.49149337 0.08615138 0.15402667
2.0 0.89031 0.70953333 0.21776971 0.57559997
0.0 0.6100765 0.5616933 0.023888906 0.17933331
2.0 0.82483894 0.5787333 0.17660223 0.22008003
2.0 0.49068034 0.52494663 0.027640888 0.083759986
2.0 0.05997182 0.65158665 0.11994364 0.31058666
6.0 0.9425685 0.5441333 0.11325282 0.31759998
2.0 0.17690822 0.52656 0.0867955 0.12528001
2.0 0.23334944 0.52290666 0.055072468 0.07951999
1.0 0.3357045 0.47980002 0.047592573 0.113253355
4.0 0.45180756 0.49594668 0.034420285 0.06954666
