2.0 0.8831683 0.65294665 0.23205312 0.6887733
6.0 0.2031401 0.61804 0.4062802 0.7585867
0.0 0.64618355 0.52790666 0.025764873 0.18562664
3.0 0.40359503 0.54812 0.022761663 0.16530667
3.0 0.417814 0.52382666 0.015305974 0.13032
2.0 0.10004429 0.76233333 0.20008858 0.47
2.0 0.5777576 0.5599333 0.06300322 0.16904
2.0 0.55349034 0.53029335 0.050684385 0.14778669
0.0 0.49456525 0.48233333 0.008051509 0.07186668
0.0 0.4993881 0.48549333 0.007520131 0.069973335
2.0 0.44592994 0.4876267 0.017608687 0.060213327
4.0 0.4690016 0.47789335 0.008421898 0.06677331
