2.0 0.49643317 0.5260133 0.03929147 0.12312
2.0 0.3253905 0.5519867 0.062600635 0.11816001
2.0 0.67966586 0.57179993 0.15363126 0.24093334
2.0 0.60749596 0.5380934 0.10529791 0.14605334
2.0 0.59768516 0.52448 0.08598228 0.12533334
2.0 0.58976245 0.50768 0.07351853 0.11781331
6.0 0.5610145 0.4904533 0.06962967 0.11024002
2.0 0.5490016 0.49589333 0.054283414 0.0712
2.0 0.33432364 0.50824004 0.04194848 0.08325335
6.0 0.44231483 0.4633467 0.024500802 0.07581333
2.0 0.35652578 0.50281334 0.0329066 0.06946666
2.0 0.4037037 0.49024 0.021095004 0.04122666
2.0 0.30977052 0.50152004 0.026223842 0.06032
2.0 0.117367156 0.50912 0.032560382 0.068586655
