6.0 0.42793882 0.54337335 0.068196476 0.24744
6.0 0.8905757 0.4741333 0.21723829 0.43514666
2.0 0.19132449 0.5964133 0.12640096 0.19677329
2.0 0.08096216 0.5728267 0.16173108 0.26346666
2.0 0.3522504 0.51864 0.05359904 0.12506668
2.0 0.63652575 0.54488 0.09907409 0.17375997
2.0 0.47652575 0.4811067 0.031521752 0.098479986
6.0 0.51669484 0.45533332 0.035821278 0.12229334
2.0 0.7013044 0.5242134 0.10510467 0.18144001
2.0 0.781872 0.53570664 0.12656203 0.15450665
1.0 0.4715419 0.43687996 0.034999985 0.17424001
5.0 0.047326893 0.6321467 0.094653785 0.1336267
