2.0 0.8200644 0.7364667 0.3055395 0.52173334
2.0 0.3997464 0.56016 0.08371176 0.25914663
8.0 0.70607483 0.71500003 0.06949275 0.45746666
2.0 0.14990741 0.77753335 0.29981482 0.4396
2.0 0.61111116 0.56597334 0.07095005 0.1522133
2.0 0.66586554 0.6071467 0.11195655 0.2449067
2.0 0.4626288 0.50492 0.026336579 0.08242668
2.0 0.42568842 0.5489866 0.055595808 0.1472
2.0 0.59399354 0.54080003 0.04887281 0.12506665
2.0 0.5756924 0.52312 0.038615137 0.09552002
2.0 0.563591 0.51318663 0.032930784 0.08328002
4.0 0.5135185 0.48957333 0.06898553 0.0784
