2.0 0.56423914 0.55337334 0.05717391 0.14637335
2.0 0.14356682 0.77511996 0.28713363 0.44442663
2.0 0.8025603 0.5398 0.207665 0.19826664
2.0 0.75032604 0.49677333 0.16020125 0.21082667
5.0 0.32822868 0.59448 0.050966196 0.08944
2.0 0.35527778 0.5548933 0.054066 0.12802662
2.0 0.25930756 0.62275994 0.107616745 0.20509331
2.0 0.680624 0.50274664 0.114162624 0.13423999
2.0 0.39407003 0.53112 0.035305977 0.08282668
2.0 0.91152984 0.45813337 0.10531398 0.11322665
2.0 0.8719484 0.45632002 0.099629626 0.09173335
6.0 0.9690337 0.43514666 0.06032208 0.16714668
4.0 0.46794283 0.5120133 0.11638487 0.099120006
4.0 0.5861715 0.47404 0.06221417 0.06114667
