2.0 0.94707924 0.5689595 0.10420754 0.1387838
2.0 0.8944159 0.56277025 0.10227939 0.1318108
2.0 0.82573116 0.5625 0.09473038 0.14202704
2.0 0.50622547 0.50716215 0.027908508 0.08194596
0.0 0.694183 0.6341351 0.05364377 0.43854052
0.0 0.23866422 0.53275675 0.043488547 0.21627028
0.0 0.27665442 0.5306892 0.04084149 0.20862164
0.0 0.30131537 0.53675675 0.022875808 0.22075674
0.0 0.35349265 0.56583786 0.045204252 0.28135136
0.0 0.39064953 0.5583378 0.034044106 0.24916212
0.0 0.24100082 0.5597703 0.026691187 0.25986487
0.0 0.27576795 0.55422974 0.021241847 0.24970272
0.0 0.3045915 0.55666214 0.028594766 0.22245948
0.0 0.25395834 0.53902704 0.023962429 0.2238919
4.0 0.17131944 0.48093244 0.04605392 0.11272972
4.0 0.44397876 0.48952702 0.04970587 0.11272972
