0.0 0.3714176 0.6552406 0.04335217 0.32395723
0.0 0.72352993 0.5652674 0.031227794 0.25037435
0.0 0.31543213 0.62120324 0.020735059 0.30171123
0.0 0.40918013 0.582754 0.031235877 0.23791446
0.0 0.64266557 0.5428609 0.027463641 0.2170588
0.0 0.48950323 0.5416177 0.015613919 0.17173798
0.0 0.4624152 0.53132355 0.012116296 0.13949196
0.0 0.46641758 0.5151471 0.017229399 0.12895724
6.0 0.7717245 0.4986631 0.0028190613 0.9973262
4.0 0.4408643 0.5309358 0.020549275 0.1473262
4.0 0.5361753 0.5068182 0.063255265 0.12663102
4.0 0.8876615 0.4973262 0.2214459 0.9946524
