3.0 0.68017566 0.5608378 0.04258987 0.31335133
0.0 0.54392564 0.5717297 0.031560443 0.25502706
5.0 0.38107845 0.54895943 0.038954258 0.23110811
3.0 0.39909318 0.5153919 0.029803911 0.1480811
0.0 0.68659717 0.50655407 0.020563716 0.19813514
0.0 0.5526144 0.4805135 0.015343121 0.11486486
0.0 0.53933823 0.48635134 0.013022877 0.10891894
0.0 0.54373777 0.4852162 0.011478742 0.10886485
0.0 0.58321893 0.4675946 0.008562088 0.112324305
0.0 0.59464866 0.46833783 0.01565361 0.12116214
4.0 0.4689747 0.45852703 0.017410142 0.047270264
4.0 0.7957965 0.4705946 0.02626628 0.10929731
4.0 0.44837824 0.46256757 0.01765519 0.041729722
