0.0 0.49234244 0.5363235 0.02754443 0.19617645
0.0 0.49468094 0.5327807 0.01508077 0.21935828
0.0 0.7848304 0.6967112 0.06946691 0.60122997
0.0 0.4710339 0.55731285 0.035541218 0.27286094
2.0 0.376248 0.5400802 0.14580774 0.3706952
6.0 0.44183767 0.51874334 0.07428919 0.23090908
8.0 0.85673666 0.66570854 0.072584786 0.3333957
8.0 0.79073906 0.64752674 0.062253635 0.30270055
4.0 0.72106624 0.6016444 0.040339243 0.2300802
4.0 0.6197617 0.495615 0.017940203 0.12491979
4.0 0.5452867 0.48009357 0.08044429 0.10767378
