2.0 0.078514494 0.70770663 0.15702899 0.48928
2.0 0.8666063 0.6621866 0.2651771 0.2971733
2.0 0.80317634 0.60252 0.2047423 0.27730665
2.0 0.67837363 0.54189336 0.14402576 0.18096001
5.0 0.25901368 0.61256 0.1060467 0.16373335
2.0 0.24592994 0.52646667 0.17100646 0.28168005
6.0 0.545777 0.48629332 0.050587744 0.16815999
2.0 0.3395813 0.52261335 0.10626409 0.11573335
2.0 0.3729227 0.50634664 0.08702092 0.11871999
6.0 0.5213446 0.47310665 0.029355867 0.11309334
6.0 0.43103862 0.46492 0.050982293 0.082906656
4.0 0.48409018 0.47404 0.043462165 0.07496003
