6.0 0.78856677 0.49866667 0.34062803 0.99733335
2.0 0.63190013 0.57926667 0.122334935 0.32999998
2.0 0.58945656 0.56530666 0.07751206 0.18650667
2.0 0.53826493 0.53742665 0.047995158 0.11282665
2.0 0.07268116 0.6085067 0.08286634 0.16186664
5.0 0.18024154 0.59396 0.031111116 0.13207997
3.0 0.40075684 0.5247467 0.01194845 0.1008
2.0 0.37457326 0.5492 0.03673106 0.09824
2.0 0.5077214 0.52029335 0.04352656 0.10357332
2.0 0.47376814 0.51777333 0.030096645 0.06616
3.0 0.4155274 0.52132 0.012616748 0.09207998
4.0 0.4424235 0.5094133 0.030966168 0.06634668
