2.0 0.45943233 0.54281336 0.03902576 0.102000035
5.0 0.31162637 0.67257327 0.08095008 0.22663999
5.0 0.39551127 0.5719066 0.030636083 0.11741332
2.0 0.2648591 0.59512 0.13210145 0.17381331
2.0 0.31243157 0.5682 0.09652174 0.15784001
2.0 0.35809177 0.54789335 0.08025764 0.106346644
2.0 0.38210148 0.53962666 0.060177144 0.09194664
6.0 0.39529386 0.51202667 0.06194042 0.09989333
2.0 0.63092595 0.66056 0.13528183 0.32048005
2.0 0.58869565 0.6052133 0.07351049 0.19650671
2.0 0.5566385 0.56888 0.060829345 0.15221336
1.0 0.5314815 0.46373335 0.05993557 0.25786668
2.0 0.17091385 0.55789334 0.078993544 0.112213306
2.0 0.47137278 0.52664 0.02952494 0.08298666
4.0 0.039963767 0.75184 0.079927534 0.4856533
