2.0 0.94638073 0.5648648 0.105604626 0.13837838
2.0 0.89434636 0.5631216 0.10127449 0.13175675
2.0 0.82589865 0.5618784 0.0946242 0.14191893
2.0 0.5061234 0.50774324 0.027802285 0.08197297
3.0 0.7637745 0.62858105 0.1436601 0.42581078
3.0 0.9708129 0.6583379 0.056740172 0.5034865
3.0 0.19903186 0.63114864 0.0931781 0.3793243
0.0 0.15477532 0.4676757 0.0108905295 0.12843244
0.0 0.14202206 0.5044189 0.020972218 0.18883787
0.0 0.11660131 0.49498647 0.024232024 0.19224326
0.0 0.8809764 0.7005271 0.09504091 0.59354055
0.0 0.8798611 0.6746081 0.07271249 0.56040543
0.0 0.96980804 0.6807838 0.05874997 0.6248649
4.0 0.40257353 0.4748919 0.112728775 0.083459444
4.0 0.27548614 0.46454054 0.05126633 0.090324335
4.0 0.48147875 0.47835132 0.008039247 0.05589189
