0.0 0.103877224 0.6909893 0.20775445 0.61267376
0.0 0.5254079 0.56512034 0.026922453 0.25189844
0.0 0.37022617 0.5420455 0.022794837 0.17457215
0.0 0.35411552 0.54068184 0.01821486 0.1643583
8.0 0.19755654 0.8062834 0.112463646 0.38208553
0.0 0.5961672 0.51779413 0.018505642 0.15628341
0.0 0.5057593 0.52485293 0.01798062 0.1664973
0.0 0.55964863 0.5640909 0.022754442 0.24235293
0.0 0.5845073 0.5318182 0.021663984 0.19754015
0.0 0.61100566 0.50786096 0.01611469 0.17144386
2.0 0.44842893 0.5075936 0.031542823 0.08058824
0.0 0.18914783 0.593984 0.036841687 0.27315512
0.0 0.57136506 0.5555615 0.018610682 0.2005882
4.0 0.4765347 0.4775 0.018982252 0.043876987
