2.0 0.49519324 0.52885336 0.036457334 0.11424
2.0 0.928744 0.74738663 0.14090174 0.49989334
2.0 0.814686 0.70001334 0.25267306 0.53832
2.0 0.7248873 0.62368 0.16428344 0.29989335
2.0 0.66728663 0.5788 0.14478262 0.20981336
2.0 0.41061193 0.5110667 0.024460565 0.052320004
2.0 0.30856282 0.57658666 0.07461353 0.14543997
2.0 0.59140503 0.52690667 0.088864736 0.12122665
2.0 0.563595 0.51324 0.06686796 0.088933334
6.0 0.54190016 0.48768002 0.052753586 0.08069335
2.0 0.36760467 0.50284 0.029895328 0.063919984
2.0 0.38239533 0.5024267 0.02437201 0.054933343
2.0 0.34495977 0.50057334 0.019146534 0.04781335
4.0 0.44919887 0.46888 0.04659421 0.06805331
