2.0 0.11377617 0.8282533 0.22755234 0.33815998
2.0 0.83808774 0.75398666 0.3222142 0.48669332
2.0 0.87137675 0.5744133 0.25288242 0.24514668
2.0 0.3584541 0.5770133 0.085217364 0.1893333
2.0 0.59855473 0.57356006 0.077318825 0.18925333
6.0 0.3866747 0.51725334 0.06694044 0.19839999
2.0 0.5704992 0.54484 0.06439618 0.14583996
6.0 0.26935992 0.48718667 0.1444686 0.17512001
6.0 0.49772143 0.47805333 0.02095009 0.07610668
6.0 0.6442552 0.45029333 0.089154564 0.11402668
4.0 0.45977455 0.47233334 0.016811598 0.050106663
4.0 0.53525764 0.44733334 0.016811598 0.072319984
4.0 0.57300323 0.47650668 0.030225482 0.09178666
