6.0 0.41006443 0.5342 0.06592592 0.23847999
6.0 0.87223434 0.46409336 0.25392106 0.40498665
2.0 0.17622787 0.58956 0.12309984 0.19111998
2.0 0.07162641 0.56707996 0.14325282 0.2588533
2.0 0.33419487 0.51909333 0.052367143 0.12234668
2.0 0.6101449 0.53436 0.09256036 0.16669331
2.0 0.4567069 0.47874668 0.031143324 0.096640006
6.0 0.49547908 0.44847998 0.03490339 0.120426655
2.0 0.67056763 0.51948005 0.09743159 0.17261331
2.0 0.74515295 0.52317333 0.11471816 0.14517334
1.0 0.45234704 0.43404 0.03527378 0.1716
5.0 0.04028583 0.6211333 0.08057166 0.12392
