2.0 0.8976771 0.7273733 0.20303544 0.53992
2.0 0.4032045 0.6306267 0.15207729 0.3065333
2.0 0.7997383 0.75116 0.27480674 0.49234667
2.0 0.7091385 0.63404 0.13977455 0.33682662
2.0 0.95741546 0.48314667 0.08355876 0.20538667
6.0 0.9073632 0.47762665 0.15076491 0.23781337
6.0 0.80936795 0.49632 0.12984702 0.21082667
2.0 0.4726892 0.52349335 0.053413846 0.12005333
2.0 0.73690015 0.48781332 0.06816424 0.10277332
2.0 0.61577696 0.50713336 0.037125632 0.10248
2.0 0.50564414 0.50152004 0.036006473 0.08645333
1.0 0.5824396 0.44488 0.036360696 0.11936001
4.0 0.16183574 0.53786665 0.3236715 0.112906694
4.0 0.52289456 0.48438665 0.04086154 0.11981334
4.0 0.66977054 0.44213337 0.06065219 0.05253332
