3.0 0.74191993 0.51891893 0.065147035 0.26291892
0.0 0.780004 0.47693247 0.016315369 0.16791892
0.0 0.42027777 0.6447162 0.055686314 0.48667565
0.0 0.33842728 0.6124324 0.06765522 0.46199998
0.0 0.38411358 0.6150946 0.057017963 0.5154865
0.0 0.678125 0.51466215 0.03252452 0.21732433
0.0 0.89012253 0.507473 0.028643835 0.257973
0.0 0.9163276 0.507 0.043390546 0.29935136
0.0 0.9017852 0.52129734 0.023684638 0.24464867
6.0 0.49658495 0.45052704 0.015049026 0.05624325
4.0 0.46715277 0.45162162 0.014812106 0.05070271
