2.0 0.5061594 0.71262664 0.1783736 0.5599733
2.0 0.3200926 0.5200933 0.032343 0.053413324
2.0 0.28505236 0.5282134 0.032004833 0.054346662
2.0 0.35733092 0.5109467 0.031183584 0.053626638
2.0 0.8186916 0.5241733 0.111151375 0.11757333
2.0 0.07256843 0.5752133 0.0778905 0.0775733
2.0 0.6672504 0.49869332 0.07136072 0.10255998
6.0 0.76270133 0.50928 0.12376009 0.17232
6.0 0.64985913 0.53305334 0.13954107 0.19944
4.0 0.19737117 0.5180267 0.11065217 0.05253332
4.0 0.38227054 0.48610666 0.015861511 0.033546653
