2.0 0.50254834 0.52488 0.049299512 0.13264002
2.0 0.29828098 0.6030534 0.17166665 0.25821334
2.0 0.36049518 0.52317333 0.090362325 0.15183997
2.0 0.38281804 0.51348 0.08723025 0.1282933
2.0 0.40869567 0.49410668 0.070161045 0.09098666
6.0 0.43947664 0.45618662 0.058743976 0.10154666
2.0 0.82642907 0.7344 0.2773671 0.46245334
2.0 0.6792914 0.6067734 0.12475041 0.23599999
2.0 0.62804747 0.5335067 0.08617551 0.20104
0.0 0.5663929 0.49668 0.01288246 0.102266684
2.0 0.6758897 0.49890667 0.08957327 0.11407999
2.0 0.07863929 0.6180934 0.15727858 0.31496
2.0 0.18382446 0.55009335 0.13876006 0.19912004
2.0 0.49855074 0.48734665 0.02895328 0.087493315
2.0 0.2482327 0.52554667 0.08309984 0.15471996
6.0 0.78662646 0.47697333 0.13571662 0.16887999
2.0 0.022822062 0.54066664 0.045644123 0.1871467
4.0 0.33460948 0.42833334 0.10596618 0.06978665
