2.0 0.3927492 0.5399865 0.0705147 0.16137841
3.0 0.71779 0.46527028 0.050057184 0.14616217
3.0 0.66131127 0.46772972 0.04169119 0.1298919
0.0 0.43619284 0.4918919 0.019542467 0.13162163
3.0 0.55227125 0.46758106 0.029673213 0.09121622
0.0 0.3488807 0.50089186 0.019003278 0.14372976
3.0 0.269951 0.5354189 0.049330074 0.14921625
0.0 0.308942 0.5191216 0.019387268 0.13581078
0.0 0.36832923 0.50806755 0.01053104 0.14256756
2.0 0.88308406 0.4380676 0.089893796 0.087594576
4.0 0.5166258 0.4550946 0.027303923 0.047270264
4.0 0.8010049 0.46195945 0.07001632 0.08516216
4.0 0.58694035 0.46110812 0.009599686 0.06275674
