2.0 0.42356163 0.5069149 0.016277222 0.046542544
2.0 0.4465149 0.54118353 0.04714748 0.14199468
2.0 0.3527639 0.56819147 0.06939563 0.18489358
2.0 0.09426672 0.6461968 0.18853344 0.28207445
2.0 0.05265109 0.6101064 0.10530218 0.21718083
2.0 0.25439563 0.5555851 0.0698066 0.12999998
6.0 0.14602336 0.5315426 0.10123288 0.1765426
2.0 0.2995286 0.5349867 0.044343267 0.09125001
2.0 0.23092668 0.53468084 0.04704271 0.08207444
6.0 0.34078163 0.49293882 0.031474613 0.109069146
5.0 0.3815512 0.48458776 0.034883182 0.12619679
1.0 0.39116436 0.4662101 0.020056406 0.104654275
