2.0 0.9464787 0.5654189 0.105408534 0.13845947
2.0 0.8943587 0.56306756 0.10141336 0.13175678
2.0 0.8258783 0.561973 0.09463237 0.14194594
2.0 0.50613964 0.5076622 0.027818635 0.08197297
3.0 0.5662745 0.6262703 0.10635621 0.36956754
3.0 0.6359559 0.5875811 0.11651961 0.35164863
3.0 0.34272876 0.53983784 0.03246732 0.17486487
0.0 0.15745506 0.4671081 0.017230386 0.1283243
0.0 0.023713235 0.5428378 0.04742647 0.306
0.0 0.17678104 0.499973 0.020915031 0.1697838
0.0 0.15265523 0.4922568 0.021895431 0.17305405
0.0 0.68969774 0.648554 0.057908468 0.4938108
0.0 0.70569855 0.63 0.053031057 0.45983785
0.0 0.8124346 0.6404595 0.06480399 0.5367027
0.0 0.83446085 0.6906486 0.08820261 0.61329734
4.0 0.013651961 0.5395 0.027303923 0.29537836
4.0 0.2898121 0.44991893 0.028872535 0.081729755
4.0 0.44683823 0.4680135 0.012728737 0.031756777
4.0 0.75595176 0.6385811 0.051789194 0.44872975
