3.0 0.16073672 0.63316 0.09920289 0.42114663
3.0 0.21734299 0.60021335 0.07392914 0.31072
6.0 0.40349033 0.49760002 0.08564413 0.20928001
8.0 0.13822465 0.5941734 0.045354266 0.16882668
3.0 0.5216506 0.52662665 0.034686 0.13735999
0.0 0.79136074 0.5348267 0.02315621 0.18949334
0.0 0.7348792 0.52765334 0.019935608 0.16981332
8.0 0.6767512 0.53657335 0.0366908 0.12077335
8.0 0.66835344 0.5378133 0.03741546 0.10709337
2.0 0.33530194 0.5169733 0.06736717 0.07613332
4.0 0.9394927 0.6810533 0.11779386 0.45101336
4.0 0.5601369 0.47061333 0.011175519 0.071519986
4.0 0.2728905 0.50856 0.029404186 0.15776001
