2.0 0.4504593 0.5106516 0.017437527 0.04827128
2.0 0.038924254 0.75764626 0.07784851 0.47938827
2.0 0.53476226 0.5913165 0.08799353 0.2189628
2.0 0.1992224 0.6496676 0.15090248 0.26672873
6.0 0.11895245 0.5674202 0.15452054 0.24404253
2.0 0.2881789 0.5851995 0.08064463 0.16412234
2.0 0.4253344 0.5414761 0.03840451 0.118962765
2.0 0.32012895 0.54707444 0.05410151 0.1131383
2.0 0.24567284 0.54864365 0.06568895 0.113085136
2.0 0.35373086 0.52663565 0.03160354 0.07539892
6.0 0.27765107 0.5143484 0.049290884 0.11178194
2.0 0.36437148 0.5170479 0.02473007 0.0611702
6.0 0.37979454 0.4933245 0.0199436 0.08164893
5.0 0.4154593 0.48666224 0.02598708 0.1011968
4.0 0.03345286 0.72260636 0.06690572 0.544149
