0.0 0.49800083 0.5501604 0.018150238 0.16016044
0.0 0.5106785 0.5469786 0.019127619 0.1834759
0.0 0.02697496 0.6950936 0.05394992 0.3853743
0.0 0.11864701 0.729278 0.08645395 0.5360962
0.0 0.7034168 0.65635026 0.061276253 0.48874334
0.0 0.8889136 0.6832219 0.10251218 0.6282086
0.0 0.4420315 0.55627006 0.02278673 0.19355614
2.0 0.35607836 0.56525403 0.11635703 0.29564172
6.0 0.40951937 0.5341711 0.06424073 0.19925131
8.0 0.6666438 0.6033824 0.04023425 0.22002673
4.0 0.45807347 0.501484 0.020169621 0.07510696
