6.0 0.7670975 0.49866667 0.34475845 0.99733335
2.0 0.6104268 0.56808 0.099822864 0.2789867
2.0 0.5786594 0.54746664 0.067946844 0.16645329
2.0 0.5347907 0.52908 0.04375199 0.10493333
2.0 0.108224645 0.5857867 0.06981481 0.1446933
5.0 0.20632851 0.58841336 0.026135262 0.120826654
3.0 0.40549922 0.52093333 0.010933967 0.09391999
2.0 0.38121578 0.54095995 0.034669876 0.09119998
2.0 0.50596213 0.5162 0.04132852 0.097786665
2.0 0.47438404 0.5152667 0.028993562 0.06344002
3.0 0.41976246 0.51684 0.010829289 0.085946664
4.0 0.44190416 0.5051066 0.028880846 0.064613305
