2.0 0.5087037 0.5683867 0.054057937 0.16984002
2.0 0.7175201 0.6002267 0.16238326 0.29239997
2.0 0.61111116 0.5456267 0.08128825 0.13898666
2.0 0.5777617 0.53176004 0.06974234 0.09813336
2.0 0.10747585 0.6987467 0.2149517 0.36149332
2.0 0.37055153 0.5443467 0.053615116 0.11663999
2.0 0.4309259 0.51746666 0.031867936 0.072960004
2.0 0.22701289 0.5794667 0.098550715 0.14293334
2.0 0.28335345 0.5467067 0.062037036 0.12994671
2.0 0.47339776 0.50262666 0.023864746 0.044986658
2.0 0.3478905 0.5271067 0.04549115 0.08194668
2.0 0.4078261 0.51792 0.037793886 0.056160007
2.0 0.085946046 0.57249326 0.10683575 0.14599998
2.0 0.10288245 0.54246664 0.09887279 0.09864
2.0 0.5347947 0.49529335 0.019009681 0.040933337
