3.0 0.67149913 0.5548378 0.041086607 0.30783787
0.0 0.52477944 0.5652027 0.02941177 0.23635133
5.0 0.3986969 0.5309054 0.030122574 0.19045946
3.0 0.39229575 0.5088919 0.027156852 0.1455135
0.0 0.6674959 0.5007703 0.021511441 0.18310812
0.0 0.5500041 0.47801352 0.0124591645 0.1088919
0.0 0.5286928 0.4876081 0.0119771045 0.10597297
0.0 0.5422998 0.48205405 0.008717355 0.10621623
0.0 0.5797835 0.46779728 0.00871731 0.10716217
0.0 0.5928023 0.4666216 0.010620935 0.11556758
4.0 0.4533497 0.45594597 0.03720588 0.06621623
