2.0 0.27151552 0.69049996 0.20237745 0.40245947
3.0 0.98516756 0.45563513 0.02803103 0.21370268
0.0 0.5066463 0.5266622 0.037834983 0.22532432
3.0 0.7522958 0.46536487 0.041192826 0.119378366
0.0 0.33621734 0.551 0.027990183 0.26027027
3.0 0.74434644 0.4697973 0.024575142 0.14164864
0.0 0.13560864 0.57309455 0.02706699 0.18586482
0.0 0.11592729 0.5806622 0.023374194 0.1811081
3.0 0.28175655 0.5663648 0.07593137 0.23045945
0.0 0.11763072 0.57706755 0.030016331 0.19116214
0.0 0.07558824 0.5877973 0.041421574 0.24251352
0.0 0.20144199 0.55647296 0.02193628 0.2325135
2.0 0.9436887 0.45675677 0.11098862 0.10432434
4.0 0.40543303 0.48006758 0.05803921 0.08689189
