2.0 0.14224236 0.72448003 0.21016909 0.3696533
2.0 0.35779792 0.61912006 0.093904994 0.22368002
2.0 0.24968599 0.63964 0.124669895 0.24066666
3.0 0.6942754 0.59389335 0.095716566 0.26149338
2.0 0.9441264 0.53874665 0.11013685 0.26821333
3.0 0.9871377 0.71122664 0.024114337 0.5722133
5.0 0.93083334 0.80737334 0.13672301 0.34952
3.0 0.7622141 0.61226666 0.11218997 0.30325335
2.0 0.42944446 0.5318 0.032222204 0.09325331
2.0 0.5479589 0.52412 0.07351853 0.09586672
2.0 0.5193961 0.5063067 0.050917853 0.070426665
6.0 0.40538648 0.54525334 0.05685988 0.1706667
4.0 0.4708132 0.48955998 0.04294686 0.06114667
