2.0 0.41604754 0.51190156 0.017010462 0.046835117
2.0 0.44958097 0.55526596 0.053489096 0.15510641
2.0 0.061027396 0.73867023 0.12205479 0.40069148
2.0 0.3634609 0.5587234 0.055495556 0.15627663
2.0 0.18225625 0.6000665 0.12109588 0.19656913
2.0 0.09937954 0.58847076 0.12809026 0.17199472
2.0 0.27731264 0.54845744 0.05331991 0.10803192
6.0 0.17958099 0.52910906 0.07974215 0.15130319
2.0 0.3083199 0.52857715 0.03721998 0.07997342
2.0 0.24099918 0.5325931 0.039677687 0.07390956
6.0 0.33776793 0.49212766 0.027510075 0.099521294
5.0 0.37721193 0.48492023 0.03173247 0.117446795
