2.0 0.4638124 0.5448533 0.03929951 0.102613345
5.0 0.28585348 0.70728004 0.09764896 0.27264
5.0 0.39125606 0.5805734 0.03384865 0.12770669
2.0 0.24687599 0.61076003 0.14392914 0.19426663
2.0 0.3014855 0.57897335 0.10372786 0.17309332
2.0 0.35844204 0.55370665 0.082407385 0.11327999
2.0 0.3811272 0.54447997 0.06320454 0.09754668
6.0 0.39610708 0.51467997 0.06475846 0.10461334
2.0 0.6668679 0.70297337 0.17317231 0.39864
2.0 0.60719 0.62414664 0.08695652 0.2259467
2.0 0.56912243 0.5791467 0.06755234 0.16880004
1.0 0.5394042 0.46418667 0.06425122 0.27616
2.0 0.15778181 0.56692 0.086642504 0.11986668
2.0 0.47842592 0.52898663 0.029557183 0.08373332
