2.0 0.4786181 0.51360375 0.0349315 0.105079785
2.0 0.032546334 0.66216755 0.06509267 0.2994415
2.0 0.13213135 0.71051866 0.2642627 0.42614365
6.0 0.20877518 0.55712765 0.11651893 0.2186702
5.0 0.33052376 0.53478724 0.09308622 0.28888297
6.0 0.36659145 0.5080186 0.081321515 0.24215426
2.0 0.27989525 0.54857713 0.06232071 0.114069186
2.0 0.40749395 0.5055319 0.03800165 0.100638285
2.0 0.4237228 0.5092021 0.024754206 0.060585123
6.0 0.43626913 0.4763298 0.023336003 0.08425532
2.0 0.12347704 0.5727926 0.12540692 0.16675533
