2.0 0.056614332 0.7891467 0.113228664 0.4163733
2.0 0.79805154 0.7516933 0.3641707 0.49128
2.0 0.1813607 0.7622 0.30510467 0.47026664
2.0 0.31511274 0.62707996 0.11006442 0.25538668
2.0 0.36863527 0.58092004 0.07870368 0.17351998
2.0 0.6422182 0.61248004 0.12946056 0.26767996
2.0 0.59564006 0.55534667 0.070475034 0.1739467
2.0 0.7885508 0.4944933 0.11120778 0.16306666
2.0 0.53331727 0.50931996 0.03368759 0.07741332
2.0 0.49316025 0.49998665 0.02712563 0.05122665
2.0 0.46639696 0.48778668 0.03168274 0.04453332
3.0 0.41876006 0.49052 0.015217372 0.053413324
4.0 0.042826086 0.8286 0.08565217 0.3321333
