2.0 0.8480918 0.74205333 0.3022061 0.51056
2.0 0.39332527 0.58203995 0.09388083 0.28477335
8.0 0.7475765 0.74584 0.09109497 0.50298667
2.0 0.12946054 0.78061336 0.2589211 0.43344
2.0 0.62126005 0.57484 0.08007245 0.16498664
2.0 0.6898309 0.64074665 0.1327214 0.28453332
2.0 0.46332526 0.51368 0.02753621 0.08538665
2.0 0.42580113 0.5584534 0.05854266 0.15749335
2.0 0.60291064 0.55457336 0.053067617 0.13448003
2.0 0.5814493 0.53069335 0.041159403 0.09983999
2.0 0.5676972 0.52 0.03479871 0.08650667
4.0 0.5145612 0.49474669 0.07107085 0.092213325
