2.0 0.4971474 0.5742154 0.06979856 0.20976064
2.0 0.21853746 0.6784441 0.18139403 0.32555848
2.0 0.16285254 0.6023404 0.14812247 0.22234045
2.0 0.34855357 0.5705585 0.08387591 0.16877659
5.0 0.39628124 0.4576862 0.084117636 0.26984045
5.0 0.4461402 0.460625 0.028009687 0.12481383
2.0 0.040298145 0.5968218 0.08059629 0.20257977
2.0 0.22547543 0.5399734 0.07217566 0.105372295
6.0 0.28324336 0.5032314 0.055108774 0.11252659
2.0 0.5436986 0.5113165 0.025028229 0.04795214
4.0 0.5856527 0.50851065 0.019508453 0.0506383
