2.0 0.486256 0.57012 0.048099834 0.13288005
2.0 0.19093397 0.64292 0.15231885 0.28269336
2.0 0.32896134 0.71456 0.1643639 0.33941332
2.0 0.38273752 0.61970663 0.079194844 0.2218133
2.0 0.40328097 0.5837733 0.06073268 0.15346667
2.0 0.3280515 0.56649333 0.088083744 0.13261329
2.0 0.44550323 0.5283333 0.024533 0.06317333
0.0 0.9756723 0.75946665 0.047045026 0.4757333
2.0 0.82291865 0.76534665 0.35255232 0.4639733
2.0 0.6604751 0.7058667 0.16383253 0.33957335
2.0 0.5932971 0.59550667 0.07962159 0.21015999
2.0 0.52756846 0.54338664 0.033075698 0.08506666
1.0 0.52443236 0.4795467 0.041215807 0.16202664
2.0 0.2247504 0.54188 0.06030596 0.084559985
2.0 0.48091787 0.53824 0.030193238 0.09248001
2.0 0.11987922 0.55369335 0.093236715 0.12024001
