0.0 0.28997183 0.48693332 0.014822869 0.11354665
2.0 0.27997184 0.47372 0.050845418 0.12893333
2.0 0.31607085 0.4836667 0.050144922 0.09453334
2.0 0.36466587 0.47715998 0.058204513 0.08104001
6.0 0.49514088 0.46261334 0.055032186 0.099520005
2.0 0.5169686 0.46725336 0.041473433 0.06650666
2.0 0.5517391 0.46202666 0.043623198 0.070080005
2.0 0.577967 0.4695333 0.0480596 0.0548
2.0 0.6015338 0.47008 0.03520934 0.05504002
2.0 0.62077296 0.47053334 0.039983932 0.05194664
2.0 0.6415016 0.46649334 0.046433132 0.05368001
6.0 0.6763808 0.4479733 0.048429944 0.07434665
2.0 0.69412243 0.45766667 0.042769704 0.05016
2.0 0.7098672 0.45812002 0.03723835 0.045733314
4.0 0.20413849 0.42401335 0.0783575 0.03010668
4.0 0.43044686 0.43522668 0.02263287 0.038719993
4.0 0.7687279 0.44558668 0.06586152 0.049093347
4.0 0.9351087 0.42573336 0.072632834 0.05770666
