2.0 0.056735106 0.7921733 0.11347021 0.41032
2.0 0.9640619 0.5585333 0.070265725 0.33786663
2.0 0.91004837 0.54426664 0.15181959 0.25903997
2.0 0.8399235 0.52440006 0.13773754 0.21898668
2.0 0.7889855 0.5270533 0.12764895 0.16749334
2.0 0.75014895 0.5066 0.098961376 0.14119999
2.0 0.73628825 0.69384 0.21930754 0.47978666
2.0 0.6361876 0.6065467 0.095531374 0.21858665
2.0 0.3387963 0.6215467 0.1302335 0.27637336
6.0 0.39196458 0.5537067 0.09051527 0.2336
2.0 0.669682 0.49842668 0.08900965 0.12565334
2.0 0.42508054 0.5584133 0.053140096 0.14546664
2.0 0.43927938 0.53976 0.046529815 0.11333336
2.0 0.56557566 0.49266666 0.056739125 0.066293344
1.0 0.5304871 0.45501333 0.053808395 0.18879999
4.0 0.104545094 0.5879067 0.20909019 0.09565333
4.0 0.049335748 0.88812 0.098671496 0.21309328
