2.0 0.07730676 0.74197334 0.15461352 0.51071995
2.0 0.08683575 0.67414665 0.1736715 0.38322666
2.0 0.1511715 0.65798664 0.24789855 0.29869333
2.0 0.19503623 0.60077333 0.21994364 0.24026667
2.0 0.27016103 0.5823466 0.14407408 0.19008003
2.0 0.2949557 0.5624933 0.1397021 0.20712005
3.0 0.43552735 0.55105335 0.0125362305 0.09864
2.0 0.8531803 0.78737336 0.29202896 0.41991997
2.0 0.87446856 0.6731333 0.24945246 0.40082666
2.0 0.81227857 0.64148 0.22243154 0.28941336
2.0 0.73871577 0.62666667 0.16337363 0.22000003
2.0 0.70469004 0.5931867 0.119057976 0.18701331
2.0 0.6731683 0.5946933 0.13665862 0.17215998
2.0 0.6447101 0.58203995 0.12376813 0.13688
2.0 0.63331723 0.56005335 0.101239935 0.14746669
2.0 0.36513686 0.55270666 0.08708536 0.0966133
2.0 0.38150162 0.55377334 0.07435588 0.088239975
2.0 0.52638483 0.54592 0.031336557 0.08005337
2.0 0.5122263 0.5275733 0.019299507 0.055733304
6.0 0.49780595 0.49913332 0.012214206 0.04733334
4.0 0.46664253 0.5007733 0.04190018 0.052533355
