2.0 0.99557567 0.6668667 0.0072382973 0.4081867
2.0 0.279219 0.67230666 0.1688245 0.34632
2.0 0.6859823 0.6555733 0.15524964 0.34224
6.0 0.34660226 0.54726666 0.10644122 0.2963467
2.0 0.61888486 0.58964 0.10669082 0.22269334
2.0 0.59097826 0.54165334 0.050958134 0.14191999
6.0 0.21173108 0.49409336 0.18835747 0.22487998
2.0 0.60946053 0.5038133 0.06285022 0.13898669
6.0 0.50580513 0.48292 0.024798712 0.08770663
6.0 0.6761272 0.45639998 0.105748765 0.13370667
4.0 0.4392955 0.48353332 0.072632834 0.10429331
4.0 0.5463285 0.44989333 0.028357461 0.092213325
