2.0 0.059076797 0.70412165 0.118153594 0.379
3.0 0.9791218 0.59163517 0.04012253 0.5381352
3.0 0.40041262 0.49401352 0.013864381 0.11208105
0.0 0.6188195 0.5660676 0.035236947 0.31705406
0.0 0.57970184 0.5556216 0.043129105 0.3519459
0.0 0.6237051 0.5371351 0.029321898 0.2791892
3.0 0.27448937 0.53704053 0.032916658 0.20662165
0.0 0.93749183 0.42844597 0.014918373 0.12483784
0.0 0.9549633 0.43143246 0.014959154 0.10945944
0.0 0.9340973 0.43905404 0.014665059 0.12172972
3.0 0.9910703 0.43574324 0.016225543 0.12991892
4.0 0.32548612 0.4972973 0.047099657 0.07654054
4.0 0.37626633 0.4740405 0.024705887 0.04381081
4.0 0.5398039 0.4662838 0.019493466 0.08689189
