0.0 0.06518921 0.65976 0.042214174 0.35178664
0.0 0.3173913 0.53599995 0.01819647 0.18879996
8.0 0.9527134 0.667 0.06702096 0.31752005
4.0 0.21898551 0.5465067 0.15492754 0.14741328
4.0 0.11064814 0.5240534 0.018462159 0.14394668
4.0 0.3817472 0.5016533 0.08982288 0.11290666
4.0 0.59815216 0.51026666 0.045547485 0.16810669
4.0 0.76169884 0.62672 0.030966213 0.25263998
4.0 0.5036232 0.47489333 0.03565216 0.10082667
4.0 0.6346135 0.50424 0.021594184 0.08357334
4.0 0.4736755 0.4852667 0.019508861 0.080133334
