2.0 0.9092914 0.77153337 0.17980675 0.4516
2.0 0.90396935 0.6137333 0.19045085 0.31136003
2.0 0.3363567 0.6031467 0.10680355 0.23146664
2.0 0.6244445 0.59592 0.09750403 0.23045336
6.0 0.37410226 0.53933334 0.07884864 0.22874668
2.0 0.58638084 0.55833334 0.07686797 0.16909337
6.0 0.24958533 0.48955998 0.15934783 0.19213332
6.0 0.50125206 0.48332 0.02211757 0.08034665
6.0 0.6563084 0.45880002 0.09516103 0.12122665
4.0 0.4635185 0.47921333 0.02315621 0.06114667
4.0 0.5392995 0.45421335 0.021594184 0.07669333
