2.0 0.8782394 0.45313516 0.14582516 0.15135135
2.0 0.4313889 0.51324326 0.035800662 0.08859461
3.0 0.56227535 0.48520273 0.027393796 0.08597296
3.0 0.5130188 0.49154052 0.025743484 0.0850811
3.0 0.30889708 0.53091896 0.024558816 0.103081055
0.0 0.36972633 0.5169865 0.013341518 0.09510814
4.0 0.40308824 0.50764865 0.01689543 0.11102704
4.0 0.28668708 0.53175676 0.010122549 0.090324335
4.0 0.45933825 0.48781082 0.01168301 0.078270264
4.0 0.73746324 0.4499054 0.11376635 0.074837856
4.0 0.9769485 0.4344054 0.042785916 0.11962162
4.0 0.6088194 0.46885136 0.00959964 0.071378365
