2.0 0.49438807 0.5494933 0.04449272 0.121013336
2.0 0.13247988 0.73276 0.21286634 0.47944
2.0 0.24470611 0.6369734 0.17413042 0.31288004
2.0 0.34283012 0.56261337 0.11664252 0.16149333
2.0 0.36606684 0.54709333 0.09131241 0.14362662
2.0 0.3907448 0.52926666 0.07210146 0.10045331
6.0 0.41012484 0.49089333 0.08211758 0.14546667
2.0 0.8604308 0.71228 0.27752817 0.5701066
0.0 0.6000201 0.56130666 0.02119968 0.16549332
2.0 0.79320043 0.56825334 0.15764086 0.19874665
2.0 0.49047506 0.52032 0.02774561 0.08384
2.0 0.07993559 0.6294533 0.15987118 0.27864003
6.0 0.9264251 0.5341733 0.14553942 0.28946665
2.0 0.19456522 0.51812 0.079291455 0.117680006
1.0 0.3400644 0.47715998 0.045652162 0.10978668
4.0 0.70023346 0.4861333 0.026795479 0.05770666
