2.0 0.82665455 0.73370665 0.34508052 0.5272533
2.0 0.12019323 0.7666933 0.24038646 0.46128002
2.0 0.26433575 0.6247333 0.15061995 0.33527997
2.0 0.6188084 0.58037335 0.10194846 0.24074666
2.0 0.3461353 0.57265335 0.08557168 0.21176001
2.0 0.5821417 0.53753334 0.07212561 0.15538669
6.0 0.5562198 0.4698667 0.06453301 0.21786666
2.0 0.5144404 0.48995999 0.022278603 0.058799982
2.0 0.42536634 0.49757332 0.023325285 0.05205335
2.0 0.50084543 0.4840667 0.026698884 0.059813328
2.0 0.47877622 0.48577332 0.020418666 0.04322665
4.0 0.40258053 0.4852667 0.014822869 0.045626674
4.0 0.45023754 0.47662666 0.018462181 0.059439998
4.0 0.90985906 0.32051998 0.066900164 0.31992
