2.0 0.121751204 0.7630133 0.24350241 0.46864
2.0 0.96305954 0.7855467 0.07227053 0.4235733
2.0 0.26525766 0.6434 0.14666666 0.26914665
2.0 0.8096457 0.7494933 0.26925927 0.49568
2.0 0.3345129 0.5877733 0.0960145 0.1749067
2.0 0.6650523 0.61374664 0.13319647 0.27138665
2.0 0.41786638 0.5238 0.037198067 0.08770667
2.0 0.6155274 0.56814665 0.07789857 0.18210666
2.0 0.5930878 0.5403733 0.05361516 0.13562666
2.0 0.57662237 0.52677333 0.04548309 0.10730668
4.0 0.47992352 0.48268 0.06846215 0.040453333
4.0 0.5403422 0.48438668 0.02263287 0.06114667
4.0 0.44216582 0.5119867 0.009613536 0.07496003
