2.0 0.49976248 0.5488667 0.05498391 0.14802663
6.0 0.73251605 0.6166133 0.2170773 0.5709333
6.0 0.10702497 0.52253336 0.14471014 0.22037332
2.0 0.25950482 0.59683996 0.16472623 0.30952
2.0 0.30573267 0.58117336 0.14093396 0.20677336
2.0 0.34386474 0.5558933 0.12663446 0.16698667
2.0 0.3948913 0.52602667 0.077028975 0.12282668
2.0 0.4297665 0.48952 0.055072468 0.07285333
2.0 0.60421896 0.5476 0.06921092 0.14453329
2.0 0.5770773 0.5223733 0.05035423 0.12634669
0.0 0.5487037 0.50750667 0.018115953 0.108026676
2.0 0.49347425 0.50978667 0.03194046 0.096533336
2.0 0.21191627 0.49277332 0.07584541 0.10090665
4.0 0.0079307575 0.67249334 0.015861515 0.64434665
4.0 0.49085748 0.44128004 0.078880854 0.05770666
