2.0 0.08162641 0.70456 0.16325282 0.5855466
2.0 0.15730274 0.6192533 0.25642514 0.31274667
2.0 0.753124 0.49260002 0.093365535 0.17464001
2.0 0.807041 0.50537336 0.081876025 0.12162665
2.0 0.25890902 0.57658666 0.16839774 0.18773334
2.0 0.28686795 0.55688 0.12241545 0.16138665
2.0 0.31181562 0.53272 0.13868761 0.16741334
2.0 0.36307567 0.51126665 0.09326894 0.12536001
2.0 0.55595005 0.48108 0.06033816 0.07202666
4.0 0.43695655 0.47662666 0.04294686 0.080133334
4.0 0.66377616 0.45505333 0.023671469 0.06114667
4.0 0.8679308 0.46627998 0.034090225 0.06978665
4.0 0.50045085 0.46538666 0.010933967 0.058453355
