2.0 0.1694042 0.61395997 0.14117551 0.20637335
7.0 0.57570046 0.45483997 0.03199677 0.09458668
2.0 0.2740298 0.5542267 0.07944445 0.16413334
2.0 0.3176248 0.55127996 0.054653782 0.10767998
2.0 0.34621176 0.53102666 0.052165847 0.10989332
2.0 0.38983494 0.51952 0.03491949 0.073066674
2.0 0.40560386 0.5150933 0.029533023 0.06298665
4.0 0.44086152 0.49302667 0.023671469 0.054266658
4.0 0.5361755 0.46196002 0.038260914 0.03010668
4.0 0.61716586 0.46801332 0.009613536 0.059439998
4.0 0.66221416 0.47577333 0.011175519 0.07496003
