2.0 0.1537359 0.77063996 0.3074718 0.45338663
2.0 0.40331322 0.5867067 0.06641708 0.18397334
2.0 0.43691626 0.55050665 0.039082117 0.11242662
6.0 0.45153382 0.50450665 0.032729466 0.121759996
2.0 0.5959823 0.54870665 0.10832528 0.13922665
2.0 0.5795411 0.53665334 0.09175523 0.105786666
2.0 0.5473712 0.5200933 0.06562801 0.09026667
6.0 0.46757647 0.50082666 0.022190003 0.07258667
6.0 0.33669487 0.62761337 0.14744768 0.39831996
3.0 0.8822786 0.56984 0.091417134 0.29402667
4.0 0.5072705 0.5025067 0.012737547 0.066346645
