2.0 0.13221014 0.73164 0.26442027 0.5313867
2.0 0.8345169 0.74906665 0.32935587 0.49653333
2.0 0.31756037 0.6203067 0.12233496 0.24471998
2.0 0.6138567 0.6121467 0.10504023 0.2554933
2.0 0.5486433 0.54019994 0.05119964 0.1329333
0.0 0.3640298 0.5584133 0.016304335 0.15111998
2.0 0.36252013 0.52588 0.07716588 0.119439974
5.0 0.53643316 0.473 0.049629666 0.19895999
2.0 0.4444243 0.49542665 0.016320456 0.04589333
4.0 0.46482286 0.48441336 0.017423538 0.05426669
4.0 0.50232285 0.49733332 0.012214161 0.07669333
