2.0 0.45817634 0.5408 0.037512098 0.10208
2.0 0.19799918 0.76746666 0.3513124 0.4597333
2.0 0.16987117 0.6447333 0.18687601 0.31053331
5.0 0.35757652 0.61188 0.05555555 0.14994669
5.0 0.405161 0.5561733 0.023574874 0.094853364
2.0 0.30702093 0.5661734 0.10771338 0.13229333
2.0 0.33899358 0.54808 0.08028986 0.12538669
2.0 0.37263283 0.5366267 0.07025764 0.089466676
2.0 0.39032608 0.5313067 0.05245572 0.07866665
6.0 0.40032205 0.5068267 0.055088565 0.08805333
1.0 0.8038526 0.49866667 0.2578341 0.99733335
2.0 0.5783494 0.59924 0.08198066 0.20712002
2.0 0.5569484 0.5714534 0.051529795 0.14279999
2.0 0.5370209 0.55245334 0.047181945 0.119786635
1.0 0.5200644 0.46927997 0.051561993 0.21658662
2.0 0.0654066 0.5775333 0.1287037 0.14904001
2.0 0.46477455 0.5259333 0.027745565 0.08194665
