0.0 0.83253634 0.6523128 0.0751212 0.61938506
0.0 0.5209693 0.626738 0.043618746 0.38791445
0.0 0.27431744 0.6855081 0.06596929 0.5503208
0.0 0.78890955 0.6553075 0.08696279 0.6840374
3.0 0.35534737 0.6828075 0.07444266 0.45844916
8.0 0.3140307 0.6696257 0.053101767 0.25951868
0.0 0.40606627 0.5207487 0.012390909 0.14882353
0.0 0.3918659 0.5284492 0.013198671 0.13983957
0.0 0.45850563 0.52887696 0.015347299 0.16235293
0.0 0.48002425 0.52945185 0.009289197 0.15553471
0.0 0.42479807 0.5267647 0.01696287 0.15342243
4.0 0.1736672 0.684385 0.07991923 0.28524062
