2.0 0.84833324 0.7418533 0.30172303 0.51096
2.0 0.60149753 0.61393327 0.11644123 0.25063998
3.0 0.3335789 0.58522666 0.03356684 0.22549333
2.0 0.27966586 0.62053335 0.092487924 0.19776
2.0 0.5330113 0.5511466 0.07280191 0.18058665
2.0 0.47435987 0.53370667 0.040297873 0.09626664
2.0 0.34671095 0.54388 0.030813217 0.07906665
2.0 0.45023754 0.52701336 0.027302742 0.07178668
0.0 0.3312037 0.51216 0.008526575 0.07616002
0.0 0.32541466 0.51672 0.009074075 0.07632
3.0 0.3657488 0.5764667 0.029983884 0.19128002
4.0 0.4093478 0.5051066 0.049194835 0.05426669
