0.0 0.5857149 0.62062836 0.05277057 0.41788772
0.0 0.64258885 0.59739304 0.052237466 0.41981286
0.0 0.18574718 0.59847593 0.039038785 0.31101605
0.0 0.50188607 0.5315775 0.020735059 0.19951871
0.0 0.6037924 0.55906415 0.032851357 0.30021387
0.0 0.93330365 0.6345855 0.086429685 0.57970583
0.0 0.955319 0.58219254 0.055193856 0.4563102
0.0 0.24592084 0.6205081 0.05169628 0.3495722
5.0 0.22028676 0.71299464 0.07070275 0.24689838
0.0 0.19504847 0.62736636 0.034733456 0.36852938
0.0 0.8411954 0.5583556 0.043344133 0.39815506
2.0 0.43575123 0.495254 0.04266562 0.14082888
2.0 0.3445315 0.50651073 0.08098548 0.21574868
6.0 0.37636513 0.4974198 0.050113063 0.1597059
4.0 0.55122375 0.5084492 0.020169621 0.10566844
