0.0 0.74021 0.69203204 0.07269786 0.6105882
0.0 0.05812197 0.6755615 0.11624394 0.64352936
0.0 0.48220113 0.51850265 0.02638935 0.2505882
0.0 0.7027343 0.6736364 0.041736647 0.50465244
0.0 0.62213653 0.62517375 0.04254441 0.4197059
0.0 0.5927302 0.5940107 0.03258478 0.35203212
0.0 0.6827302 0.5571257 0.06507269 0.33617648
0.0 0.6495396 0.602246 0.041470118 0.345615
0.0 0.6532674 0.5181016 0.028537933 0.26315504
2.0 0.45249593 0.48549464 0.050064586 0.1269786
4.0 0.03266963 0.68717915 0.06533926 0.6149465
4.0 0.5463247 0.48354277 0.025234267 0.13868986
4.0 0.51976573 0.44042778 0.0075282594 0.049037423
