2.0 0.08926328 0.77974665 0.17852657 0.4351733
2.0 0.3295894 0.66344005 0.12149759 0.28640002
2.0 0.19365942 0.69336 0.17066829 0.31210664
3.0 0.7019162 0.66368 0.12210946 0.33637333
2.0 0.99009657 0.5787067 0.01819647 0.30088
3.0 0.77756846 0.7010933 0.1422383 0.41658664
0.0 0.06862319 0.64879996 0.029388081 0.31653333
2.0 0.4156079 0.56821334 0.044742357 0.12847996
2.0 0.4412802 0.5321866 0.024444444 0.07349331
6.0 0.45023754 0.5060267 0.020507222 0.07909332
2.0 0.55280596 0.5423333 0.07962159 0.10429331
2.0 0.5224396 0.5190667 0.05384863 0.074506655
6.0 0.3862037 0.57496005 0.07567635 0.2209067
4.0 0.4892955 0.5111333 0.009090196 0.059439998
