2.0 0.59692836 0.47733334 0.013856661 0.040906668
2.0 0.5643277 0.48093334 0.015901748 0.04783998
2.0 0.017745571 0.6302267 0.035491142 0.20631997
2.0 0.5060024 0.54124 0.08728663 0.20167997
2.0 0.31931964 0.53886664 0.056948457 0.10274666
2.0 0.40958133 0.51489335 0.03592591 0.06413334
7.0 0.5071658 0.46021333 0.05322061 0.084746666
4.0 0.01626409 0.6224 0.03252818 0.18879999
4.0 0.25987116 0.5119867 0.046070848 0.085306644
4.0 0.4413849 0.50164 0.024718193 0.06114667
4.0 0.8166466 0.43264002 0.36169893 0.081866674
