2.0 0.03206522 0.7968667 0.06413044 0.40093333
2.0 0.85440016 0.74136 0.28958935 0.5119466
2.0 0.31286636 0.5863733 0.08618357 0.17999999
2.0 0.6388607 0.60077333 0.11962155 0.26618668
2.0 0.59477454 0.5573867 0.07679549 0.17946665
2.0 0.35416666 0.56032 0.053695656 0.12928002
0.0 0.60219 0.49262667 0.013413838 0.14317335
0.0 0.61705714 0.492 0.015563602 0.14277336
4.0 0.02147343 0.84844005 0.04294686 0.2924533
4.0 0.09543076 0.5758133 0.19086152 0.15776001
4.0 0.6997182 0.44989333 0.047632854 0.037013326
