2.0 0.47134572 0.51761967 0.03160354 0.09513296
2.0 0.19996375 0.7401596 0.222361 0.42755318
2.0 0.028871877 0.69091755 0.057743754 0.33486706
2.0 0.1251249 0.61897606 0.15676068 0.23470743
6.0 0.2774456 0.5088298 0.104270756 0.258617
2.0 0.12296132 0.5726064 0.11684932 0.15505321
2.0 0.32207897 0.5351596 0.05187752 0.102712765
5.0 0.41708702 0.4974601 0.037961323 0.12401598
5.0 0.38652298 0.49982712 0.07035455 0.22773933
1.0 0.4351773 0.45756647 0.028162774 0.1355053
2.0 0.22944802 0.53367025 0.062618844 0.10835106
4.0 0.024597099 0.7319947 0.049194198 0.20877661
