6.0 0.65735906 0.569 0.091465406 0.32226664
2.0 0.3852697 0.61285335 0.13018517 0.21829332
2.0 0.28986716 0.57818663 0.14675522 0.26656
2.0 0.55338967 0.53221333 0.056570053 0.14197336
2.0 0.9351812 0.60068 0.12802732 0.26098663
2.0 0.6987399 0.4953733 0.040684383 0.11496002
6.0 0.74226654 0.4606133 0.04986318 0.14394668
2.0 0.98343396 0.54924 0.031521752 0.22311997
1.0 0.6910467 0.43258667 0.046763282 0.20186666
5.0 0.19952495 0.6433067 0.21222222 0.1590933
2.0 0.14224638 0.61117333 0.16285025 0.19082662
2.0 0.05495169 0.6069333 0.10990338 0.1559467
5.0 0.07544283 0.61244 0.11483091 0.15570664
5.0 0.1560789 0.5404933 0.051674716 0.12354667
4.0 0.9262601 0.42143998 0.03512882 0.07669333
