2.0 0.49878824 0.5294 0.048478264 0.13064003
2.0 0.09358293 0.7542667 0.18716586 0.48613334
2.0 0.19188407 0.6617333 0.18906602 0.31456
2.0 0.29857087 0.55542666 0.10182769 0.17474665
2.0 0.40090984 0.58449334 0.08740743 0.17805335
2.0 0.37009257 0.51908004 0.06857488 0.10018665
6.0 0.8323631 0.49866667 0.33366343 0.99733335
0.0 0.69399357 0.6459867 0.03328505 0.35469335
2.0 0.65244764 0.6219867 0.14117554 0.2989067
2.0 0.60082525 0.5729733 0.08838168 0.1812
2.0 0.5718156 0.52306664 0.054935593 0.14709333
2.0 0.5316707 0.50159997 0.027544294 0.06970668
1.0 0.5300926 0.45092002 0.03656201 0.14103998
6.0 0.07925121 0.57464 0.15850241 0.42058668
2.0 0.49316823 0.50449336 0.030845415 0.093200006
2.0 0.20556763 0.51696 0.064742364 0.092106685
4.0 0.4588325 0.5068267 0.025233496 0.1336
4.0 0.43097025 0.45766667 0.036175545 0.049093314
