0.0 0.5573856 0.4741892 0.014166696 0.15545948
0.0 0.2405637 0.53552705 0.027777785 0.32635134
0.0 0.667353 0.6391081 0.049019586 0.5109189
0.0 0.6678554 0.5825946 0.053374153 0.43345946
0.0 0.61515117 0.6202973 0.09200164 0.49167565
0.0 0.6080106 0.6547567 0.05745915 0.5347568
0.0 0.4625858 0.49822974 0.028325172 0.23143244
0.0 0.4935335 0.48863512 0.028325126 0.24191894
0.0 0.46136847 0.4845 0.025057202 0.20818917
0.0 0.42820668 0.4946757 0.024779411 0.2170811
0.0 0.4741626 0.48028377 0.013619287 0.17402704
0.0 0.36453432 0.4916081 0.020424843 0.21824326
0.0 0.38201386 0.4929189 0.018243471 0.18886484
0.0 0.4034559 0.4772973 0.017696062 0.21194594
6.0 0.10935049 0.49864864 0.21870098 0.9972973
4.0 0.2791258 0.4662838 0.031470593 0.09035134
4.0 0.8723611 0.3517027 0.23356211 0.0403784
4.0 0.34006536 0.44647297 0.015849682 0.09894592
