2.0 0.49245173 0.54587996 0.04527378 0.12253336
2.0 0.17770934 0.69127995 0.20917068 0.38970667
2.0 0.27547908 0.60250664 0.16757648 0.33493334
2.0 0.34937197 0.5764 0.11545894 0.16106664
2.0 0.360934 0.55674666 0.1004992 0.1403733
2.0 0.3913164 0.5377067 0.06918678 0.09541331
2.0 0.41154188 0.5283333 0.05958934 0.08413332
6.0 0.6367713 0.5550133 0.13851851 0.36709332
2.0 0.5918962 0.56773335 0.066256024 0.14794667
2.0 0.5442633 0.52874666 0.028735932 0.073759995
6.0 0.52520126 0.48174667 0.023735909 0.08162665
2.0 0.49 0.5210933 0.029500779 0.08512
2.0 0.027121577 0.6658133 0.054243155 0.29775998
2.0 0.05827697 0.57802665 0.11655394 0.17578666
6.0 0.22218196 0.51716 0.110402584 0.23810662
2.0 0.150157 0.5403067 0.08757649 0.13767998
4.0 0.45648548 0.50424 0.022632826 0.07669333
