2.0 0.48589775 0.5477333 0.046304338 0.12533334
2.0 0.09000805 0.7298933 0.1800161 0.53488
2.0 0.3025926 0.5752801 0.124557175 0.17312002
2.0 0.33942834 0.5633467 0.100869544 0.13784
2.0 0.43423915 0.54195994 0.04604671 0.10023999
6.0 0.61828506 0.52768004 0.13367149 0.39152002
2.0 0.56524557 0.5505867 0.060120765 0.13962667
2.0 0.5173148 0.50688 0.021022525 0.054346662
2.0 0.17749599 0.58617336 0.11040257 0.16834667
6.0 0.2451087 0.5258 0.101715 0.2015733
2.0 0.4899839 0.52225333 0.031497546 0.09522666
2.0 0.13738325 0.5426533 0.07811594 0.11298663
3.0 0.06762882 0.548 0.0413285 0.121173315
