2.0 0.10616747 0.64206666 0.18291466 0.25138667
7.0 0.5742351 0.45410666 0.032656986 0.09536
2.0 0.243281 0.56464 0.09350241 0.18597338
2.0 0.29871982 0.55765337 0.06400967 0.118666686
2.0 0.33186394 0.5356933 0.05802738 0.119386636
2.0 0.38036636 0.52368003 0.037721407 0.07797333
2.0 0.3976852 0.51716 0.031553905 0.066586666
4.0 0.4340942 0.49129334 0.02263287 0.050799984
4.0 0.66351855 0.47749332 0.012737501 0.081866674
4.0 0.61716586 0.46369335 0.005442801 0.05426669
4.0 0.53773755 0.46284002 0.024718193 0.024933338
