2.0 0.08493558 0.50755996 0.12264091 0.11447998
1.0 0.10812801 0.47301334 0.06442028 0.11904001
2.0 0.51162636 0.49006668 0.05993557 0.07672
0.0 0.6667512 0.46984002 0.008591016 0.07418667
2.0 0.6278382 0.46185333 0.03376007 0.08397334
2.0 0.6509299 0.46607998 0.033438 0.064800024
2.0 0.6859783 0.4681067 0.04419486 0.05802669
4.0 0.18825686 0.47664 0.06221418 0.07669333
4.0 0.38305154 0.47061333 0.017423494 0.081866674
4.0 0.8723027 0.45508 0.25217387 0.07496003
4.0 0.6342311 0.41401333 0.16274557 0.04455999
