2.0 0.34161836 0.50008 0.071046695 0.09141333
0.0 0.5991103 0.47596 0.0095733 0.07970663
2.0 0.5680636 0.46941334 0.036867958 0.09013336
2.0 0.5912843 0.47606665 0.036787443 0.068986654
2.0 0.62674314 0.47350666 0.04500003 0.061253343
6.0 0.73809177 0.46186665 0.04932367 0.08384
2.0 0.7622544 0.46504 0.038244747 0.058026653
2.0 0.79698473 0.45982668 0.043357484 0.062906675
4.0 0.27940017 0.4809467 0.025756836 0.099120006
4.0 0.046731077 0.49646667 0.093462154 0.085306644
4.0 0.6807005 0.44987997 0.038776126 0.06114667
4.0 0.90976244 0.45766667 0.17717388 0.090479985
4.0 0.5688043 0.43068 0.166095 0.044560023
