2.0 0.1360306 0.8133334 0.2720612 0.36799997
2.0 0.82141304 0.75027996 0.35556358 0.49410668
2.0 0.83320457 0.5477333 0.22431564 0.22042666
2.0 0.36728662 0.56906664 0.077101454 0.17391999
2.0 0.588289 0.5651466 0.06995973 0.1737067
6.0 0.39119565 0.51790667 0.061779387 0.1860533
2.0 0.56384456 0.54138666 0.05923512 0.13621333
6.0 0.27802336 0.48614666 0.13801128 0.16770665
6.0 0.49555555 0.47769335 0.020402545 0.074106656
6.0 0.63840985 0.45022663 0.086417064 0.11074669
4.0 0.45830917 0.47404 0.018985476 0.06114667
4.0 0.53252417 0.44730666 0.018462136 0.07669333
