2.0 0.7710346 0.76838666 0.2964976 0.45789334
2.0 0.55177534 0.54149336 0.05158615 0.13946669
2.0 0.31191224 0.5633467 0.11245573 0.14573328
2.0 0.33296698 0.5472933 0.121586144 0.13261332
2.0 0.37816828 0.5204267 0.08570855 0.11840003
2.0 0.5344968 0.5315333 0.03050727 0.084666625
0.0 0.17593397 0.53124 0.0147665 0.16071998
5.0 0.30667472 0.62392 0.08019322 0.15311997
5.0 0.2787198 0.63237333 0.054363932 0.20591998
5.0 0.3244002 0.5909733 0.069686 0.1479733
5.0 0.33967796 0.58849335 0.05801932 0.13399999
5.0 0.64084136 0.6482533 0.10780194 0.22760002
4.0 0.4692512 0.5007733 0.09294687 0.08357334
4.0 0.6142995 0.47232002 0.010128839 0.047359977
