0.0 0.8212077 0.57994664 0.055185135 0.40032002
2.0 0.8682528 0.75078666 0.26188406 0.4930933
2.0 0.72209746 0.65796 0.17042677 0.32578662
2.0 0.30723834 0.64313334 0.14723028 0.31037334
2.0 0.3784984 0.59252006 0.07931564 0.19138667
2.0 0.63203305 0.58030665 0.087721415 0.19282667
2.0 0.41758052 0.5477733 0.05419486 0.14984001
2.0 0.46550325 0.53029335 0.047608692 0.10682665
2.0 0.5986755 0.54281336 0.043373607 0.13437332
2.0 0.5466385 0.5149067 0.0445652 0.075733356
1.0 0.655004 0.44147998 0.03865537 0.09906667
4.0 0.040338166 0.5551067 0.027842192 0.050799984
4.0 0.13226649 0.52925336 0.03773752 0.037013326
4.0 0.7155958 0.45506668 0.041900136 0.07152002
4.0 0.6161232 0.45076004 0.03461352 0.038746662
