2.0 0.47152573 0.52548 0.038687617 0.10429331
2.0 0.08946055 0.69719994 0.1789211 0.3797333
2.0 0.3063567 0.73065335 0.18451694 0.40615997
2.0 0.3813285 0.61062664 0.10069245 0.24370663
2.0 0.29498792 0.5580267 0.12041062 0.17488
5.0 0.4233374 0.52302665 0.017173903 0.07154669
2.0 0.35250804 0.51576 0.08161835 0.095040016
6.0 0.41406605 0.48674664 0.047101475 0.07413336
1.0 0.74419487 0.47790667 0.34739128 0.95581335
0.0 0.98117954 0.70872 0.036030542 0.57722664
2.0 0.5477214 0.54392004 0.049855094 0.13050668
2.0 0.52599436 0.5210133 0.03427537 0.08810667
1.0 0.5138607 0.45204 0.04301934 0.17357333
2.0 0.17972222 0.52599996 0.07606279 0.10266665
2.0 0.46532205 0.50601333 0.026892116 0.08125333
