0.0 0.5591585 0.4720405 0.018382344 0.15294597
0.0 0.22654411 0.5311622 0.029150328 0.32810813
0.0 0.6811274 0.6962432 0.078366004 0.6021081
0.0 0.7584722 0.6798108 0.075392134 0.634973
0.0 0.58343136 0.5778919 0.0462745 0.3876216
0.0 0.54887253 0.5695 0.052320253 0.37229732
0.0 0.6508456 0.56322974 0.037132353 0.36997297
0.0 0.697594 0.56885135 0.06791669 0.3517027
0.0 0.85887253 0.57613516 0.029477075 0.20940539
0.0 0.4166871 0.5687432 0.03613563 0.36835137
0.0 0.43042892 0.5693513 0.024452617 0.31199998
0.0 0.4628268 0.5458784 0.03218955 0.3445135
0.0 0.500817 0.56956756 0.026290849 0.28172976
0.0 0.5033987 0.5329324 0.031405266 0.3005135
0.0 0.3907067 0.5011622 0.02569444 0.22897302
0.0 0.4550327 0.5017973 0.029460771 0.21024325
0.0 0.48477942 0.49893242 0.02050654 0.22683784
0.0 0.5222345 0.49031082 0.02242647 0.21591891
6.0 0.10924836 0.49864864 0.21849672 0.9972973
4.0 0.29735702 0.5033378 0.10855391 0.25402704
4.0 0.9136765 0.35258108 0.1693464 0.03521623
