0.0 0.54770833 0.4716892 0.016249975 0.15494592
0.0 0.24305557 0.5388784 0.031732038 0.32775673
0.0 0.9042729 0.7465811 0.17274511 0.5014324
0.0 0.9335743 0.73471624 0.13121732 0.52516216
0.0 0.48779005 0.48695946 0.019289244 0.16894595
0.0 0.5560988 0.5683243 0.037851334 0.37259462
0.0 0.54789627 0.5333243 0.0492402 0.32394597
0.0 0.5043709 0.56972975 0.037156876 0.368054
0.0 0.49778593 0.5666216 0.038202602 0.38054052
0.0 0.44225493 0.47954056 0.025457518 0.19318922
0.0 0.46069446 0.47499996 0.02147057 0.20275672
0.0 0.43301064 0.4768513 0.020302318 0.18202703
0.0 0.40910947 0.48525673 0.020539239 0.19289191
0.0 0.34095997 0.48205402 0.020939533 0.19248645
0.0 0.36671162 0.4867027 0.017687911 0.16908108
0.0 0.39077613 0.47485134 0.018856231 0.19094594
6.0 0.10938317 0.49864864 0.21876635 0.9972973
4.0 0.28460374 0.45766217 0.039289203 0.08689189
4.0 0.8777533 0.349973 0.24122551 0.026594605
