2.0 0.53227454 0.6707467 0.13416263 0.41936
2.0 0.9019968 0.72356 0.19439615 0.5475467
2.0 0.61905795 0.51905334 0.09439614 0.14125334
2.0 0.5795371 0.5041867 0.056739125 0.09173332
2.0 0.56204104 0.49556 0.052117575 0.06946666
2.0 0.019142512 0.63476 0.038285024 0.27213335
2.0 0.47824073 0.48066667 0.018285025 0.039840017
2.0 0.13941626 0.60248 0.13495168 0.17786667
2.0 0.3204509 0.52570665 0.05491143 0.08991998
2.0 0.3480435 0.50670666 0.038711753 0.092559986
2.0 0.38830113 0.49778667 0.03368759 0.062506676
2.0 0.43030193 0.49006668 0.031054724 0.04536002
2.0 0.23066425 0.52052003 0.05997585 0.09277333
2.0 0.22073671 0.5087467 0.06303542 0.06869333
4.0 0.016783413 0.6387734 0.033566825 0.27333334
