0.0 0.81048465 0.6957888 0.18148626 0.60307485
0.0 0.35308155 0.5640107 0.034127623 0.28411767
0.0 0.7534895 0.7170588 0.06164778 0.5605347
0.0 0.62547654 0.6813235 0.04815833 0.5011497
0.0 0.47708 0.64133686 0.05422456 0.4064171
0.0 0.6575162 0.61430484 0.07999193 0.39470592
0.0 0.5528271 0.58822197 0.038465273 0.3218984
0.0 0.63398623 0.6782754 0.057924043 0.42991975
0.0 0.5907149 0.56985295 0.03731019 0.299385
0.0 0.6160703 0.6148529 0.06803717 0.36842245
2.0 0.42841277 0.5428075 0.06679322 0.16791442
4.0 0.52002424 0.5093984 0.027835255 0.14558823
4.0 0.29658723 0.52490646 0.017423267 0.09387701
