2.0 0.47759873 0.5060505 0.029234523 0.0879521
2.0 0.022240128 0.69255316 0.044480257 0.27340427
2.0 0.22881547 0.6768218 0.18528606 0.3399734
2.0 0.21499999 0.56492025 0.105423056 0.18914893
2.0 0.34672037 0.56264627 0.07650282 0.15460107
2.0 0.3945407 0.5322074 0.04340853 0.0951596
5.0 0.42713133 0.49449468 0.027751831 0.09968083
6.0 0.058074135 0.5657181 0.11614827 0.2782447
4.0 0.01495971 0.76292557 0.02991942 0.11595746
4.0 0.1460677 0.45865694 0.054923445 0.07470744
4.0 0.38878322 0.45950797 0.04138599 0.03859043
4.0 0.44945607 0.47070476 0.009613219 0.054069143
