2.0 0.33562 0.5865067 0.06112721 0.1337067
2.0 0.55524963 0.52928 0.04689212 0.1171733
2.0 0.366252 0.56358665 0.049267314 0.10365333
2.0 0.3955153 0.5345733 0.03636072 0.096346654
2.0 0.4069525 0.52564 0.030056363 0.07522668
6.0 0.88384867 0.4172 0.08681161 0.12981333
2.0 0.026714975 0.61488 0.05342995 0.103253365
2.0 0.051316425 0.61105335 0.08593398 0.10402666
2.0 0.09265298 0.60366666 0.09150564 0.113359965
4.0 0.4713285 0.5033867 0.09607088 0.092213355
4.0 0.95511264 0.39212003 0.08655394 0.15949334
4.0 0.7015378 0.45508 0.018985521 0.050799984
