0.0 0.30974638 0.55502665 0.019460542 0.21032003
3.0 0.928124 0.5846533 0.1421417 0.3122933
2.0 0.33950484 0.53676 0.10720609 0.15421332
2.0 0.5769565 0.5047067 0.08890497 0.094
6.0 0.7953422 0.47648 0.08390504 0.11056001
2.0 0.55109906 0.49393335 0.036513694 0.06786667
2.0 0.31428343 0.52121335 0.07507247 0.09522666
2.0 0.46540254 0.49332 0.021529788 0.048560005
2.0 0.43291065 0.49636 0.025322096 0.04962669
4.0 0.49945655 0.45853332 0.05752818 0.081866674
4.0 0.023413848 0.51802665 0.03252818 0.07669333
