3.0 0.9889093 0.63216215 0.020547412 0.32610813
0.0 0.13040033 0.63571626 0.042761438 0.3968919
0.0 0.06915442 0.6318244 0.056642156 0.4666757
0.0 0.25428104 0.68568915 0.07516339 0.55018914
3.0 0.7702573 0.6336351 0.06636438 0.3161351
3.0 0.9002491 0.589973 0.03242647 0.1718919
0.0 0.5451266 0.5203919 0.0092565445 0.112135135
0.0 0.5513725 0.5206892 0.007075128 0.09689188
3.0 0.7696528 0.53422976 0.035596393 0.11197298
0.0 0.8525694 0.5432432 0.012802215 0.11313514
0.0 0.8775368 0.5631081 0.021789188 0.115513526
4.0 0.029129902 0.48952702 0.008553922 0.071378365
4.0 0.93066996 0.5696486 0.025228772 0.10410806
4.0 0.60542893 0.5515811 0.03407678 0.102405444
4.0 0.6645466 0.53002703 0.017933028 0.090324335
