2.0 0.18336956 0.7476134 0.36673912 0.49943998
2.0 0.9706844 0.7998667 0.057020914 0.39493328
2.0 0.8368317 0.73661333 0.32472625 0.52143997
2.0 0.99031395 0.4791067 0.017761685 0.24397336
6.0 0.9342511 0.51382667 0.12988727 0.32338667
6.0 0.8563366 0.49557334 0.20341387 0.30693334
2.0 0.3417995 0.5972533 0.10166665 0.23328002
2.0 0.38791865 0.5593467 0.077495985 0.16637328
2.0 0.7793237 0.49722666 0.0842029 0.15119998
2.0 0.7165822 0.50093335 0.0776087 0.12570667
2.0 0.6858655 0.49364 0.066256024 0.114853345
2.0 0.67272544 0.49872 0.06786637 0.101919994
2.0 0.57051533 0.53242666 0.04945251 0.1274133
2.0 0.43593398 0.51648 0.044686 0.10640001
6.0 0.44958532 0.49684 0.03867154 0.11213337
2.0 0.61049515 0.47317335 0.05158615 0.07578666
1.0 0.5235387 0.44730666 0.03794684 0.12997334
4.0 0.4736755 0.49216 0.005966141 0.06634668
