2.0 0.6103623 0.6080533 0.10128825 0.2176533
2.0 0.13402577 0.66024 0.26805153 0.2968533
2.0 0.2000644 0.62365335 0.19661835 0.2461333
2.0 0.2296739 0.6040934 0.17268117 0.19965336
2.0 0.2728744 0.5864133 0.14180353 0.17709334
2.0 0.5498269 0.55116 0.055660248 0.12562667
2.0 0.3631723 0.5448 0.09426732 0.10741333
2.0 0.53391707 0.52717334 0.035161063 0.080373324
2.0 0.36852658 0.5178533 0.06265699 0.10381334
2.0 0.51649755 0.49998665 0.021465346 0.065146685
4.0 0.01704509 0.88717335 0.03409018 0.17327997
4.0 0.45596617 0.5051066 0.08721415 0.099120006
