2.0 0.8997463 0.75764 0.19889696 0.47938666
2.0 0.3699799 0.59212 0.12295491 0.35816
8.0 0.9216787 0.7629333 0.1550322 0.4688
2.0 0.64176327 0.59870666 0.100933984 0.19880001
2.0 0.7508092 0.69213337 0.1960467 0.37866667
2.0 0.46065623 0.50812 0.03016908 0.09229333
2.0 0.4140298 0.5597066 0.0687198 0.18474667
2.0 0.61688006 0.5603333 0.062665075 0.15250666
2.0 0.59014094 0.5312667 0.04686796 0.11031999
2.0 0.5732327 0.51901335 0.038671494 0.09376001
4.0 0.51638085 0.48955998 0.07263288 0.08530668
