0.0 0.9651818 0.6036363 0.068021044 0.7873797
8.0 0.18531907 0.8147326 0.14495154 0.3651871
0.0 0.3902181 0.6375 0.035008043 0.44050804
0.0 0.34860256 0.65969247 0.05358644 0.44312838
0.0 0.52476573 0.52895725 0.023699533 0.22032087
0.0 0.51435786 0.49628347 0.024143765 0.15459895
0.0 0.5615307 0.5326871 0.017504057 0.21393047
0.0 0.5965509 0.50076205 0.018578347 0.179492
0.0 0.6051535 0.48617646 0.012116341 0.15786096
2.0 0.46940225 0.4845321 0.028336026 0.073342256
0.0 0.32470113 0.5496658 0.027189028 0.22077537
0.0 0.5824313 0.5215241 0.019386109 0.18181817
4.0 0.056227785 0.8294118 0.10127626 0.33048126
4.0 0.28539175 0.64128345 0.04606624 0.24732621
4.0 0.2056987 0.5611096 0.015856221 0.10767378
