2.0 0.93189204 0.7803866 0.1346055 0.4338933
2.0 0.786554 0.7425066 0.2536876 0.50965333
6.0 0.016517714 0.54376 0.033035427 0.50917333
2.0 0.033091787 0.5823733 0.066183574 0.16848
2.0 0.70626813 0.56766665 0.10794685 0.32717332
6.0 0.48248792 0.49476 0.0368438 0.12935999
6.0 0.74390095 0.45373335 0.16409823 0.20421335
2.0 0.3527657 0.51952 0.048446067 0.09802665
2.0 0.29478663 0.50232 0.05841387 0.1344
2.0 0.42510468 0.48677334 0.027826082 0.07610665
2.0 0.5972061 0.49248 0.050595783 0.09541334
6.0 0.5302778 0.44137335 0.026014464 0.09234667
2.0 0.6353502 0.49258667 0.0529549 0.10165334
1.0 0.4976329 0.42817333 0.025587764 0.12872002
5.0 0.2439533 0.54462665 0.089774564 0.06962664
2.0 0.19221015 0.5239467 0.07319647 0.1012267
2.0 0.10981079 0.52971995 0.06612722 0.09090666
5.0 0.14530595 0.52753335 0.056022543 0.086693324
5.0 0.109468594 0.49118668 0.03660226 0.09426665
