2.0 0.45669484 0.5408133 0.037399337 0.10178668
2.0 0.17308776 0.7759867 0.34617552 0.44269332
2.0 0.12243156 0.6792 0.21114333 0.37349328
5.0 0.3457045 0.6274267 0.06157003 0.16909334
5.0 0.4023591 0.55829334 0.025587764 0.101119995
2.0 0.2938889 0.5717067 0.11410627 0.14384
2.0 0.32987922 0.55232 0.08478262 0.13424002
2.0 0.36720613 0.53841335 0.07359098 0.09442667
2.0 0.38595814 0.53212005 0.05479874 0.08253332
6.0 0.39754027 0.5069467 0.057141736 0.09165335
2.0 0.5907045 0.61549336 0.09493555 0.23493335
2.0 0.56524557 0.58308 0.057061195 0.15746665
2.0 0.541409 0.5569867 0.0517713 0.12885335
1.0 0.52215374 0.46734667 0.05379227 0.22850667
2.0 0.19769323 0.5466667 0.06691627 0.099679984
2.0 0.46566427 0.52266663 0.02809175 0.081866674
4.0 0.87386465 0.49733332 0.24904987 0.99466664
