2.0 0.8813164 0.6549867 0.23575683 0.41871998
0.0 0.7900644 0.56493336 0.036231812 0.30170664
6.0 0.7804468 0.53924 0.12807569 0.29255995
6.0 0.017419484 0.52257335 0.034838967 0.21757333
6.0 0.049480677 0.51218665 0.09896135 0.18165329
6.0 0.08849839 0.52577335 0.098413855 0.13159998
5.0 0.38960952 0.47249335 0.058961347 0.1084
4.0 0.17289452 0.50078666 0.07107085 0.11464
4.0 0.29242352 0.4714667 0.12471819 0.06288
4.0 0.6533615 0.44902664 0.1059662 0.06631998
4.0 0.5096135 0.46370667 0.11117554 0.04736001
