2.0 0.8394928 0.7442533 0.31940416 0.50615996
2.0 0.015410627 0.59155995 0.030821254 0.17357329
2.0 0.7299517 0.58008003 0.12342993 0.36911997
6.0 0.47720608 0.49691996 0.038244747 0.13501334
6.0 0.7495008 0.45232 0.17133658 0.21333334
2.0 0.34240338 0.5246267 0.05139292 0.10248004
2.0 0.28146136 0.50693333 0.062407404 0.14053334
2.0 0.41855073 0.48962668 0.0290016 0.078826666
2.0 0.59675115 0.49600002 0.052922703 0.09914667
6.0 0.526719 0.44389334 0.02664248 0.09434666
2.0 0.6357045 0.49594668 0.05525766 0.105440006
6.0 0.9396135 0.43124002 0.119162604 0.16642669
1.0 0.49293077 0.42971998 0.02676328 0.1316
5.0 0.22788647 0.55174667 0.09627215 0.07421337
2.0 0.17384863 0.53217334 0.07874397 0.10621333
2.0 0.08660629 0.53864 0.071521744 0.09621338
5.0 0.12555556 0.53488004 0.0599678 0.091200046
5.0 0.09245974 0.49686667 0.038639285 0.09757335
4.0 0.009492753 0.62585336 0.018985506 0.0956534
4.0 0.8572383 0.43782666 0.03669884 0.050799984
