0.0 0.7733865 0.67783785 0.105122566 0.6389189
0.0 0.7004126 0.64697295 0.15806375 0.70064867
0.0 0.2993954 0.64272976 0.05882354 0.47772974
0.0 0.49479574 0.5121892 0.02696078 0.24989192
0.0 0.44515932 0.4672838 0.02069446 0.21921621
0.0 0.47045344 0.48251352 0.019338245 0.19129732
0.0 0.5145547 0.4864865 0.01742649 0.1776757
3.0 0.3993423 0.44921622 0.030302275 0.11972972
4.0 0.83901143 0.3517027 0.020016352 0.0403784
4.0 0.8931781 0.3473784 0.0783497 0.035189185
4.0 0.35933822 0.44387838 0.024183001 0.12478379
4.0 0.22861113 0.48177025 0.07001634 0.19370267
