0.0 0.75466585 0.65095997 0.0626812 0.58117336
0.0 0.034750402 0.62696 0.069500804 0.3504
0.0 0.08223027 0.63208 0.051964574 0.4048533
8.0 0.7734219 0.65133333 0.08521739 0.27583998
3.0 0.34043077 0.5393467 0.034677938 0.20536004
6.0 0.43675122 0.48581335 0.06308369 0.16186666
8.0 0.13719001 0.57661337 0.04214171 0.15728
8.0 0.16200483 0.5686 0.04824476 0.14781332
0.0 0.1635467 0.55656 0.01892914 0.19525334
0.0 0.7555274 0.61749333 0.053872835 0.44661334
0.0 0.6952295 0.65364 0.033083733 0.24978665
0.0 0.712806 0.6515067 0.037463777 0.25042662
3.0 0.50117147 0.51060003 0.034210976 0.118320026
2.0 0.3744847 0.50258666 0.0563607 0.06442666
4.0 0.6450282 0.5146 0.028880846 0.09394666
4.0 0.25700888 0.54389334 0.025756858 0.12842669
4.0 0.62497586 0.47318667 0.008566811 0.055973325
