2.0 0.10243559 0.70078665 0.20487118 0.4177867
2.0 0.20175925 0.5812667 0.20875202 0.30440003
2.0 0.6696457 0.69475996 0.17222223 0.3735733
2.0 0.5685024 0.5625067 0.06433173 0.17285334
2.0 0.2556441 0.5956267 0.15349437 0.20325337
2.0 0.3052496 0.56448 0.13541062 0.15978667
2.0 0.54820853 0.54690665 0.046030633 0.10874666
2.0 0.5323752 0.52436 0.030740738 0.09309333
2.0 0.38557166 0.5178133 0.054138478 0.099626675
4.0 0.46325684 0.50078666 0.09659422 0.09394666
4.0 0.6356562 0.47232002 0.022632826 0.05770666
