2.0 0.92657804 0.6434533 0.14523351 0.36125332
2.0 0.32160628 0.6208 0.12198873 0.26032
2.0 0.6402818 0.61108 0.11148149 0.2585333
6.0 0.3663124 0.53962666 0.08645734 0.24762668
2.0 0.596244 0.56684 0.08501612 0.18376003
2.0 0.5753623 0.53330666 0.04457324 0.12469333
6.0 0.23822062 0.49092 0.16798712 0.20194666
6.0 0.5027858 0.48318666 0.022753624 0.08264
6.0 0.6625161 0.46205333 0.09844607 0.12512003
4.0 0.42028984 0.49648 0.02210953 0.06805335
4.0 0.46299517 0.47836 0.018985476 0.049093314
4.0 0.5392995 0.45421335 0.023671469 0.07322669
