2.0 0.5117754 0.57336 0.06504831 0.17610666
2.0 0.24291465 0.53412 0.0737198 0.12263996
3.0 0.70621175 0.55851996 0.07656202 0.18759997
6.0 0.5671981 0.5033733 0.05103057 0.1715467
0.0 0.39870372 0.54049337 0.016908191 0.18610668
6.0 0.3231562 0.49885336 0.041497596 0.088479996
2.0 0.39004025 0.52112 0.07365538 0.11504
2.0 0.41073272 0.5200933 0.06940419 0.082159996
2.0 0.4279831 0.50413334 0.05126408 0.071413316
2.0 0.44512886 0.49124 0.038067635 0.050106663
2.0 0.48487118 0.52901334 0.035507247 0.10730668
2.0 0.30601448 0.48999998 0.04099837 0.06362666
4.0 0.61611915 0.45161334 0.04294686 0.054266658
4.0 0.46533817 0.44472 0.020547504 0.016320024
4.0 0.5208092 0.45421335 0.027318863 0.038719993
