3.0 0.6582488 0.51812 0.027173905 0.18546666
0.0 0.6761916 0.5101734 0.017439615 0.13981335
0.0 0.6933414 0.50866663 0.015297935 0.14015998
5.0 0.69044685 0.5357866 0.017914636 0.081066646
3.0 0.60021335 0.4997333 0.010072435 0.09050666
4.0 0.85094607 0.48181334 0.2948872 0.118080005
4.0 0.98011273 0.6870933 0.036553882 0.5389866
4.0 0.6270612 0.46456 0.02628022 0.02837331
4.0 0.5642955 0.46887997 0.051795505 0.026666675
4.0 0.5002416 0.47922665 0.021594184 0.033546653
4.0 0.3950322 0.48009333 0.011175519 0.024933338
