0.0 0.06401368 0.51068 0.015418683 0.10733332
0.0 0.08982286 0.50274664 0.01743961 0.10063999
0.0 0.18463768 0.50662667 0.020563614 0.11949335
0.0 0.48403382 0.49012 0.0094847 0.08904
2.0 0.45685586 0.47297335 0.03828503 0.100613356
2.0 0.48531803 0.48376003 0.040040243 0.07615999
2.0 0.52476245 0.47837332 0.048413865 0.06693333
6.0 0.63741946 0.46836 0.049879212 0.087973356
2.0 0.6565741 0.47336 0.037769727 0.059946675
2.0 0.69121176 0.4677733 0.04211753 0.06408
4.0 0.022254428 0.5266667 0.044508856 0.13189337
4.0 0.5794042 0.44041333 0.020547504 0.024933338
4.0 0.8257568 0.46197334 0.22367147 0.0784
4.0 0.453909 0.42790666 0.1627456 0.039013352
4.0 0.9600523 0.4542667 0.042809986 0.064000025
