0.0 0.5302492 0.46636486 0.014975502 0.15418918
0.0 0.26663807 0.5273514 0.02804738 0.29924327
0.0 0.3524224 0.46567568 0.01852124 0.16945945
0.0 0.68966913 0.69037837 0.14258984 0.6138378
0.0 0.8124346 0.71400005 0.089869276 0.5665946
0.0 0.8938644 0.67298645 0.09885625 0.6486216
0.0 0.9588235 0.6739054 0.080718994 0.64678377
6.0 0.109089054 0.49864864 0.21817811 0.9972973
4.0 0.30699754 0.43527028 0.035122555 0.14545944
4.0 0.40178922 0.45163515 0.027826764 0.14029731
4.0 0.4510049 0.4481892 0.03356207 0.11962162
4.0 0.7903268 0.3405135 0.0319935 0.05589189
