2.0 0.5627679 0.5573803 0.050273985 0.15103725
5.0 0.060016114 0.4986702 0.004061245 0.9973404
2.0 0.032425463 0.6877793 0.06485093 0.25954786
2.0 0.17581789 0.6601463 0.16107978 0.29635638
2.0 0.28758663 0.58359045 0.073013715 0.14739363
5.0 0.35353747 0.4667154 0.068879925 0.24311171
2.0 0.12738517 0.6403324 0.11473812 0.18949464
2.0 0.6220065 0.5217952 0.029024987 0.056781907
2.0 0.68027395 0.5062633 0.021788869 0.040345736
4.0 0.031627722 0.49734044 0.063255444 0.9946809
4.0 0.39555195 0.49219415 0.012215978 0.069547854
