3.0 0.07502013 0.68228 0.14169887 0.53234667
3.0 0.16533816 0.63057333 0.09629629 0.3696266
6.0 0.3956401 0.50076 0.09132851 0.22221334
3.0 0.5267351 0.53129333 0.03546701 0.14146665
0.0 0.8119887 0.5427333 0.026908148 0.20456001
0.0 0.7471377 0.5352267 0.021070888 0.17968
8.0 0.6849316 0.54226667 0.039170675 0.12826668
8.0 0.6757045 0.54385334 0.039766494 0.11330666
2.0 0.32717794 0.52078664 0.07004025 0.07901335
4.0 0.25935587 0.5007734 0.026280198 0.13877334
4.0 0.9413728 0.56548005 0.045547575 0.18535998
4.0 0.5791425 0.46714666 0.0044042044 0.037013326
4.0 0.56065214 0.47577333 0.0070048287 0.054266658
