3.0 0.9139855 0.6269067 0.1704187 0.6768533
3.0 0.6449396 0.51349336 0.024066016 0.17263998
0.0 0.66275764 0.5072 0.016417095 0.13029337
0.0 0.67907804 0.50576 0.014114334 0.13034667
5.0 0.6760306 0.53064 0.016312417 0.07546667
3.0 0.59462965 0.4985067 0.0097262515 0.087146655
4.0 0.75674313 0.47834668 0.13356681 0.07322669
4.0 0.5747142 0.47490665 0.019508861 0.028373344
4.0 0.3997182 0.47575998 0.020547504 0.033546686
4.0 0.49971816 0.47834668 0.02159423 0.028373344
4.0 0.57886875 0.45706668 0.08557969 0.025119986
