2.0 0.49396053 0.56954783 0.07051568 0.21196811
2.0 0.08035858 0.7507712 0.16071716 0.49313828
2.0 0.3211402 0.5881383 0.091982275 0.18489361
2.0 0.25064868 0.5617686 0.092143446 0.15598403
2.0 0.38389605 0.5425 0.05762291 0.12292552
5.0 0.41306606 0.45597076 0.06379531 0.21343085
5.0 0.4480621 0.45631647 0.025036266 0.11183511
2.0 0.0371112 0.59977394 0.0742224 0.21050535
2.0 0.1286382 0.56081116 0.108654305 0.15077128
6.0 0.31456083 0.50019944 0.043755032 0.09476066
2.0 0.51774377 0.5058777 0.024206297 0.050691467
2.0 0.55702657 0.50394946 0.017695382 0.03853723
