0.0 0.533607 0.4704865 0.01607023 0.15405406
0.0 0.21496733 0.5380675 0.02696078 0.32516217
0.0 0.9085784 0.67572975 0.1812092 0.64313513
0.0 0.57257354 0.47186485 0.031584967 0.19589189
0.0 0.5917811 0.6713514 0.1452778 0.6518918
0.0 0.59585786 0.7235135 0.11418297 0.54756755
0.0 0.6189706 0.6847838 0.05392156 0.625027
0.0 0.67932594 0.74166214 0.06971405 0.5112702
0.0 0.70003265 0.6973919 0.050653595 0.5998108
0.0 0.79053915 0.71539193 0.07299014 0.56381077
0.0 0.30292892 0.7221622 0.079517975 0.55027026
0.0 0.4644445 0.57885134 0.046290852 0.3705676
0.0 0.5497386 0.5775676 0.038398698 0.342
0.0 0.5774142 0.559473 0.06808004 0.36862165
0.0 0.6342892 0.5451892 0.059477124 0.34535137
6.0 0.10916667 0.49864864 0.21833333 0.9972973
4.0 0.4067361 0.43354055 0.018978754 0.107567586
4.0 0.2595997 0.43785137 0.03199348 0.116189174
4.0 0.7819935 0.34222975 0.07053925 0.05932433
