2.0 0.89458936 0.76132 0.2092109 0.47202665
2.0 0.83547103 0.66609335 0.218591 0.58365333
6.0 0.45799518 0.51041335 0.042512078 0.15453331
6.0 0.7683575 0.46226668 0.19550727 0.24474669
2.0 0.30504027 0.54308 0.062415462 0.11853337
2.0 0.2336111 0.5237066 0.07809178 0.16282664
2.0 0.39430356 0.49936002 0.033148177 0.087839976
2.0 0.59199274 0.5101333 0.060362317 0.11146668
2.0 0.48246375 0.475 0.027037075 0.076986656
6.0 0.5125322 0.44795996 0.028236708 0.10034667
2.0 0.63563204 0.50576 0.06303542 0.11829332
6.0 0.94904584 0.44314668 0.10029793 0.18351997
1.0 0.47686395 0.43413332 0.029235069 0.1408
5.0 0.16648552 0.57488006 0.1229066 0.091360025
2.0 0.11093398 0.55769336 0.099677935 0.12568
2.0 0.027298711 0.5712933 0.054597422 0.11330666
5.0 0.05274557 0.55954665 0.075491145 0.10752
5.0 0.029613527 0.5135333 0.04639291 0.10925334
