2.0 0.49198872 0.55264 0.044380005 0.121173345
2.0 0.21659419 0.6356267 0.21613528 0.41018662
2.0 0.28764492 0.5868267 0.13780195 0.3021867
2.0 0.3480314 0.56410664 0.09802736 0.15061334
2.0 0.37671095 0.5293333 0.089975856 0.15610664
2.0 0.39899758 0.5336933 0.074967794 0.094906636
6.0 0.56472224 0.50148004 0.06282611 0.18888
2.0 0.4845652 0.51810664 0.027600652 0.083413325
1.0 0.05560387 0.5047334 0.11120774 0.3598133
4.0 0.45206523 0.50163996 0.028365498 0.064613305
4.0 0.9889693 0.50163996 0.018840518 0.17154662
