2.0 0.47340047 0.5164894 0.026688168 0.08026596
2.0 0.08871475 0.7966622 0.1774295 0.40135637
2.0 0.11701048 0.6421409 0.19021757 0.2724734
2.0 0.23112006 0.57785904 0.08942789 0.15029256
2.0 0.32402095 0.58957446 0.09500404 0.1750532
6.0 0.39805803 0.49464098 0.053118434 0.18444146
2.0 0.42240933 0.5218085 0.02631746 0.068138294
2.0 0.061635777 0.59079784 0.123271555 0.21382979
2.0 0.24400885 0.5426463 0.06969379 0.11970748
4.0 0.32784045 0.47843084 0.07991943 0.024840424
4.0 0.4465874 0.48961434 0.021587463 0.054069143
