2.0 0.6992794 0.68950665 0.20319644 0.47997335
2.0 0.06786232 0.7629333 0.13572463 0.4688
2.0 0.11621579 0.6914667 0.23243158 0.39909336
2.0 0.15102656 0.65370667 0.24113528 0.2778133
2.0 0.608599 0.5980667 0.0988567 0.21303998
2.0 0.5593036 0.53696 0.049766496 0.14463997
2.0 0.32894927 0.5503067 0.1208937 0.14381337
2.0 0.34414655 0.52654666 0.0806924 0.14482665
2.0 0.38300323 0.5256 0.06864734 0.08864001
2.0 0.5330878 0.5149333 0.028252829 0.07557334
4.0 0.41273752 0.46024004 0.03409018 0.026666675
4.0 0.46638083 0.49646667 0.08929952 0.10600001
