3.0 0.94749177 0.6309189 0.04684639 0.31151348
0.0 0.02870915 0.64424324 0.051470585 0.44027027
0.0 0.17438726 0.69775677 0.07843138 0.59908104
3.0 0.7075082 0.64385134 0.06898694 0.33781078
3.0 0.8365891 0.60464865 0.031184696 0.17297299
0.0 0.4986397 0.52633786 0.010351317 0.11462164
0.0 0.51183003 0.5231081 0.011437915 0.09810809
3.0 0.7305637 0.56417567 0.032908484 0.110351324
0.0 0.79598457 0.5527162 0.011168253 0.110135145
0.0 0.81912994 0.5885 0.018243426 0.11245949
4.0 0.026674835 0.62737834 0.05334967 0.42286485
4.0 0.8661275 0.5825676 0.025228772 0.10583782
4.0 0.61584556 0.5317432 0.017410096 0.07310809
