2.0 0.4647987 0.53290665 0.039935566 0.102879964
2.0 0.17999999 0.77701336 0.35999998 0.44063997
2.0 0.34331322 0.6546534 0.14303544 0.33048004
2.0 0.26016507 0.58116 0.14090984 0.21143998
5.0 0.41713768 0.5329333 0.01928343 0.0792533
2.0 0.33760467 0.53981334 0.08905799 0.107680015
2.0 0.35957733 0.52709335 0.06902579 0.10416003
2.0 0.386095 0.5191067 0.06185184 0.07682668
6.0 0.408744 0.49253336 0.04995169 0.07904001
1.0 0.77865136 0.49866667 0.3682206 0.99733335
2.0 0.556405 0.5544533 0.058929127 0.15205336
2.0 0.5292432 0.52626663 0.039452508 0.0978133
1.0 0.5158132 0.45281336 0.04600643 0.18829335
2.0 0.14463769 0.5438 0.09173913 0.116186686
2.0 0.46441224 0.51178664 0.027761642 0.08079999
