2.0 0.03870773 0.74976003 0.07741546 0.49514666
2.0 0.11831723 0.6446934 0.23663446 0.34074667
2.0 0.16532205 0.5734933 0.24059582 0.33791998
3.0 0.40163848 0.54341334 0.021135239 0.1495467
2.0 0.9099799 0.7494 0.17842992 0.49586663
2.0 0.8733092 0.67461336 0.2429791 0.3586133
2.0 0.78791064 0.63217336 0.23983093 0.29058665
2.0 0.7185588 0.5997467 0.19582935 0.21154669
2.0 0.6905837 0.563 0.1520048 0.21661337
2.0 0.31555957 0.54970664 0.11822063 0.12741335
2.0 0.3414332 0.53756 0.09806765 0.11293329
2.0 0.528442 0.52516 0.040249597 0.098373346
2.0 0.5097786 0.5042667 0.022826103 0.064106666
6.0 0.49265698 0.47374663 0.01310789 0.05144
4.0 0.44919083 0.48525333 0.065338135 0.06287997
