2.0 0.106155396 0.66103995 0.21231079 0.37439996
2.0 0.13791063 0.58397335 0.26430756 0.36735997
3.0 0.39515296 0.55130666 0.023027375 0.15994668
2.0 0.9346417 0.7533866 0.12910625 0.4878933
2.0 0.8899476 0.69985336 0.21849433 0.40664
2.0 0.81544274 0.6486667 0.265153 0.31968
2.0 0.7344324 0.60924 0.21134463 0.22797336
2.0 0.702033 0.5692533 0.1621497 0.23029335
2.0 0.3079066 0.55293334 0.123639286 0.13290668
2.0 0.33469406 0.5407867 0.102157794 0.11736001
2.0 0.52901775 0.52694666 0.0417069 0.10184002
2.0 0.50964177 0.50524 0.023373604 0.06552001
6.0 0.4921256 0.47344 0.013252803 0.05199998
4.0 0.44658616 0.48612002 0.07054747 0.07495999
