2.0 0.07222625 0.7660533 0.1444525 0.46255997
3.0 0.3254106 0.60772 0.05803542 0.30205336
3.0 0.36259258 0.6046 0.04455716 0.27314666
2.0 0.3348953 0.57638663 0.08141706 0.15538666
3.0 0.4143317 0.53168 0.019194875 0.13146666
2.0 0.41394925 0.52264005 0.03897744 0.073653325
2.0 0.5279187 0.50538665 0.026980719 0.07338667
2.0 0.8975644 0.71062666 0.20326087 0.5734133
4.0 0.50466585 0.47405332 0.017946878 0.047359977
4.0 0.57628024 0.49474669 0.014299529 0.1336
4.0 0.5460708 0.49216 0.0049275444 0.05253332
