2.0 0.112351045 0.64168006 0.12389694 0.19557333
2.0 0.4099839 0.52305335 0.031014487 0.08994668
6.0 0.3583132 0.5056533 0.038687594 0.10234666
2.0 0.3073953 0.57277334 0.059541065 0.12431999
2.0 0.24480274 0.58256 0.06735104 0.11872002
3.0 0.18196054 0.6044933 0.051231872 0.22440001
0.0 0.37629628 0.5268666 0.007520131 0.06338668
2.0 0.9503945 0.5874 0.09760066 0.30845332
2.0 0.2399678 0.53598666 0.054090183 0.05538668
2.0 0.780632 0.48084 0.0305233 0.05250665
4.0 0.43435186 0.5146 0.014822869 0.059439998
4.0 0.8088325 0.46629333 0.015861511 0.052533355
4.0 0.86716586 0.45937333 0.008566811 0.055973325
