0.0 0.662298 0.6904412 0.0662924 0.5766577
0.0 0.81221735 0.5596257 0.0495234 0.48406416
0.0 0.9180816 0.5758556 0.037132446 0.45614976
8.0 0.19487883 0.80217916 0.106235854 0.39029408
8.0 0.23815024 0.8009224 0.08025848 0.39280748
8.0 0.32582393 0.64601606 0.06006461 0.21941175
8.0 0.25415185 0.7828208 0.084054925 0.36622995
0.0 0.41548467 0.54504013 0.017673675 0.20195188
0.0 0.3957633 0.54614973 0.019717308 0.19090912
0.0 0.4673142 0.5321524 0.018764133 0.1824332
0.0 0.48786348 0.5057487 0.014838446 0.13748662
0.0 0.50266963 0.5296524 0.015145393 0.17486633
0.0 0.5602706 0.5015107 0.015274638 0.15382354
2.0 0.4384047 0.4849064 0.024321465 0.062379666
0.0 0.39991924 0.52847594 0.032584827 0.17508022
0.0 0.51958 0.5219251 0.014491127 0.15802135
4.0 0.07016963 0.72316843 0.14033926 0.27318177
4.0 0.18070275 0.57403743 0.018982228 0.05422463
4.0 0.37653473 0.4973262 0.009612287 0.09732621
4.0 0.5393013 0.49645725 0.017423267 0.116283454
4.0 0.3682068 0.5835294 0.025234245 0.11112295
