0.0 0.96312606 0.65794116 0.072132476 0.67877007
0.0 0.6169709 0.6725535 0.05946686 0.51173794
3.0 0.12013327 0.692139 0.24026655 0.61037433
0.0 0.7923424 0.5525936 0.049903054 0.4424064
0.0 0.8526535 0.55950534 0.04007267 0.39104277
8.0 0.23201129 0.7945855 0.086801276 0.40548128
8.0 0.26688612 0.7720722 0.06664783 0.35473266
8.0 0.33538774 0.6310428 0.054442655 0.19909088
8.0 0.27861875 0.74675137 0.07077544 0.31462568
0.0 0.41175687 0.53975934 0.014903069 0.1851337
0.0 0.39381263 0.5502674 0.0167205 0.17486633
0.0 0.46240306 0.5379947 0.01824715 0.1773262
0.0 0.48063007 0.5126471 0.015783537 0.13433157
0.0 0.49425688 0.53618985 0.015008064 0.17034759
2.0 0.4324677 0.49516043 0.023562204 0.060748678
0.0 0.40829563 0.53458554 0.017899832 0.16922458
4.0 0.53513324 0.503369 0.045549255 0.11973262
4.0 0.37237078 0.5102406 0.013772215 0.10593581
