3.0 0.9856683 0.6824933 0.027053107 0.62968
0.0 0.68175524 0.5948267 0.036602248 0.40282664
0.0 0.96196455 0.6388667 0.061674755 0.42461333
0.0 0.122665055 0.5990933 0.0373752 0.28565332
0.0 0.1832327 0.59872 0.033260856 0.30698666
8.0 0.088663444 0.61183995 0.042673104 0.14032003
3.0 0.3737077 0.5293333 0.030491147 0.16906667
6.0 0.44630033 0.4876267 0.05707732 0.14821336
0.0 0.68692833 0.57188 0.03482283 0.32621333
3.0 0.4925604 0.51585335 0.033751987 0.11154665
4.0 0.21898551 0.55426663 0.014299529 0.16293332
4.0 0.28747183 0.5422 0.025233496 0.11464
4.0 0.32237116 0.49129334 0.013776166 0.10946669
4.0 0.40049517 0.5042267 0.021070844 0.06978665
4.0 0.6419002 0.57754666 0.03409018 0.22330666
4.0 0.6244565 0.48181334 0.013776189 0.052533355
4.0 0.7249799 0.61377335 0.031489555 0.20605333
