2.0 0.4930701 0.5471941 0.056261063 0.16917552
6.0 0.08668412 0.527367 0.17336825 0.9399468
2.0 0.07442788 0.6711436 0.14885576 0.3401064
2.0 0.20966157 0.5855585 0.11129735 0.18861699
2.0 0.3241257 0.59880316 0.115197405 0.25856382
2.0 0.29861805 0.5425532 0.0637631 0.11276592
2.0 0.38610396 0.53627664 0.052917004 0.12574469
2.0 0.40919423 0.5187234 0.0322643 0.07542552
2.0 0.42713138 0.5105585 0.02655924 0.06361703
5.0 0.43545932 0.46049199 0.035350528 0.12678191
2.0 0.26628122 0.536383 0.059250604 0.09345742
