0.0 0.46599352 0.5269652 0.021534737 0.18168446
0.0 0.48754442 0.5238369 0.029757636 0.19195186
0.0 0.39210823 0.5511364 0.026655901 0.21457219
0.0 0.5092649 0.6360695 0.07108239 0.4731016
0.0 0.9564216 0.5867112 0.057883672 0.4644385
0.0 0.49401048 0.5360294 0.03096122 0.21013369
0.0 0.5510016 0.60751337 0.046041988 0.33989304
2.0 0.26793617 0.66294116 0.2381179 0.54368985
0.0 0.91992325 0.623623 0.0982795 0.5718984
2.0 0.34170434 0.5092112 0.08137317 0.21719249
6.0 0.3746446 0.49700537 0.049838476 0.15962566
4.0 0.5887763 0.519746 0.021591278 0.13179146
4.0 0.42497173 0.46544117 0.008570262 0.06457216
