2.0 0.5848148 0.51857334 0.043043453 0.10850664
2.0 0.6385024 0.47030666 0.04104673 0.047653336
0.0 0.44295493 0.49275997 0.008051509 0.07661332
3.0 0.638595 0.48866668 0.03300322 0.08512
2.0 0.73715377 0.46362665 0.046771366 0.055626664
6.0 0.901872 0.44900003 0.05651365 0.06797331
4.0 0.18669485 0.50424 0.06221417 0.06287997
4.0 0.32185188 0.50078666 0.018985499 0.045626674
4.0 0.5004992 0.46282667 0.0721095 0.07669333
4.0 0.8400483 0.44902664 0.020032248 0.03527999
4.0 0.94344604 0.42489332 0.020547504 0.045626674
