2.0 0.40622383 0.50930667 0.06314007 0.07418667
2.0 0.5455354 0.51038665 0.032503992 0.09133332
2.0 0.45667067 0.5236267 0.03173106 0.08325332
2.0 0.3475 0.5344 0.10844608 0.123946704
2.0 0.3150483 0.55544 0.13315618 0.16757332
2.0 0.27963766 0.57741326 0.17840579 0.21050665
2.0 0.19696458 0.5868533 0.1842351 0.24656002
2.0 0.15353864 0.6089067 0.28369564 0.38373333
2.0 0.5932206 0.5774 0.07028989 0.15570667
2.0 0.6900846 0.7114267 0.18966988 0.37704
4.0 0.5098712 0.47575998 0.036698885 0.06805335
