2.0 0.49577296 0.5272133 0.038615137 0.12098663
2.0 0.9246176 0.7480534 0.14915457 0.49855998
2.0 0.3498913 0.54418665 0.05020128 0.09850665
2.0 0.6558293 0.55628 0.13682769 0.20658667
2.0 0.5957971 0.53423995 0.09702097 0.13263999
2.0 0.5800121 0.5081867 0.06871982 0.10895998
6.0 0.5568317 0.4918 0.06640098 0.10408
2.0 0.54504025 0.49814668 0.052270524 0.068133354
2.0 0.34041464 0.51074666 0.039524965 0.07951999
6.0 0.44529387 0.46857333 0.024275372 0.07149335
2.0 0.36100644 0.50076 0.031175522 0.06653333
2.0 0.40650967 0.49409336 0.020458948 0.040293317
2.0 0.31583333 0.5042533 0.024742354 0.057999987
2.0 0.13237922 0.51024 0.031811602 0.065599985
