2.0 0.48216584 0.5635733 0.047681127 0.13135998
2.0 0.14495975 0.67844 0.17115943 0.33522668
2.0 0.29097828 0.7691866 0.21065217 0.42567998
2.0 0.36830917 0.6338933 0.092415445 0.25045332
2.0 0.3926852 0.59147996 0.06785025 0.16760002
2.0 0.31419486 0.58078665 0.09421901 0.14466664
2.0 0.44167873 0.5315333 0.02591787 0.065840006
2.0 0.84115136 0.7694267 0.31608695 0.45581332
2.0 0.6888607 0.74832004 0.20498393 0.41728
2.0 0.6004509 0.60580003 0.08919484 0.23394667
2.0 0.5262842 0.54094666 0.035628002 0.08861331
1.0 0.5221699 0.48124 0.043454126 0.16829334
2.0 0.20809178 0.54152 0.06533012 0.08890666
2.0 0.477194 0.53792 0.030024165 0.09200001
2.0 0.088095814 0.57219994 0.10453302 0.13175999
