2.0 0.84776163 0.77702665 0.30286634 0.44061333
2.0 0.6754026 0.76976 0.26038653 0.45514664
2.0 0.55497986 0.66484004 0.11851047 0.27165335
2.0 0.48674315 0.61018664 0.076014474 0.19946668
2.0 0.29992753 0.59064 0.05291464 0.16261332
2.0 0.23202497 0.67792 0.09873591 0.25290665
2.0 0.11438406 0.7890267 0.22876813 0.4166133
2.0 0.43767712 0.5801734 0.034452483 0.102106676
2.0 0.3365781 0.56272 0.021078905 0.07023995
4.0 0.4074034 0.5516667 0.014822869 0.07496003
4.0 0.37847424 0.534 0.014259247 0.026133332
4.0 0.3946377 0.53661335 0.00975845 0.02357333
4.0 0.35662237 0.53613335 0.011698882 0.028373344
