0.0 0.22969 0.73637336 0.06021738 0.52192
0.0 0.18177134 0.72588 0.06977456 0.54290664
0.0 0.6537158 0.5869333 0.043164253 0.36896
0.0 0.7053422 0.57674664 0.042971022 0.37765336
3.0 0.7716023 0.5866533 0.029291471 0.23261335
3.0 0.79807574 0.5624667 0.030901773 0.23090665
0.0 0.17843398 0.61190665 0.05532207 0.34765336
4.0 0.47874397 0.49727997 0.009565217 0.04586666
4.0 0.59850645 0.51182663 0.012407394 0.10232002
4.0 0.5601288 0.51804 0.024975868 0.06461334
4.0 0.31560388 0.5426134 0.012479873 0.10341334
