2.0 0.05914251 0.8112267 0.11828502 0.3722133
2.0 0.72299117 0.68876 0.25256848 0.5574667
2.0 0.14701691 0.7437067 0.24971822 0.42485335
2.0 0.5380717 0.5609333 0.06949275 0.16053332
2.0 0.34955716 0.5620933 0.053703696 0.11730667
2.0 0.49928337 0.53064 0.036280178 0.10101332
2.0 0.3694404 0.5296534 0.041441213 0.1024
2.0 0.3871055 0.51622665 0.027093388 0.06775999
2.0 0.4814533 0.50788003 0.025869552 0.07111999
4.0 0.42926735 0.49475998 0.011690821 0.038746662
4.0 0.44840986 0.49217334 0.0077858428 0.043919973
4.0 0.4589614 0.47922665 0.011690821 0.033546653
4.0 0.41247985 0.5012134 0.014041855 0.03095998
