2.0 0.8700886 0.75821334 0.25821254 0.47823998
2.0 0.7968639 0.6419334 0.17044285 0.4926667
6.0 0.4649718 0.50788003 0.04110309 0.14775999
6.0 0.7624678 0.46793336 0.18719006 0.234
2.0 0.31871578 0.5363733 0.058397748 0.1125867
2.0 0.25105476 0.51756 0.07212559 0.15463996
2.0 0.4032126 0.49590665 0.031642504 0.08466666
2.0 0.59471416 0.50449336 0.057914644 0.10727998
6.0 0.5178623 0.44722667 0.027753647 0.09834667
2.0 0.6365016 0.50348 0.060362317 0.113946676
6.0 0.94590175 0.45097333 0.10658609 0.17752
1.0 0.48289454 0.43304 0.029170718 0.13781333
5.0 0.18868358 0.56890666 0.11374396 0.08592003
2.0 0.13505636 0.55016 0.09186795 0.11861335
2.0 0.039810788 0.55755997 0.079621576 0.10775999
5.0 0.079605475 0.5516933 0.06959742 0.101626635
5.0 0.052765697 0.5080533 0.043486312 0.10501333
