2.0 0.5004227 0.51879996 0.048752014 0.13125335
2.0 0.26847824 0.61792 0.19544284 0.30336
2.0 0.34702498 0.5289467 0.09767312 0.16626668
2.0 0.373595 0.5165067 0.09311594 0.1386667
2.0 0.40218198 0.49297333 0.0742673 0.096293315
6.0 0.43632045 0.44882664 0.060982294 0.105706654
2.0 0.86021334 0.74741334 0.27796295 0.49984
2.0 0.7047423 0.6146533 0.15009667 0.27138665
2.0 0.6395732 0.5291467 0.09660226 0.22239998
0.0 0.56844604 0.49253336 0.01557164 0.107786655
2.0 0.68475044 0.49113336 0.09471816 0.120186634
2.0 0.050189212 0.6297334 0.100378424 0.32015997
2.0 0.14503624 0.5645867 0.16268115 0.22528002
2.0 0.49673513 0.47876 0.028848648 0.08717333
2.0 0.22408615 0.52692 0.09491948 0.17010668
2.0 0.27425924 0.5055467 0.07782607 0.13258669
6.0 0.80092186 0.46510667 0.14406599 0.17815998
