2.0 0.15270129 0.7555466 0.30540258 0.48357335
2.0 0.92797905 0.5542 0.14243153 0.27890664
2.0 0.8359864 0.5336667 0.11831728 0.2267467
2.0 0.78925925 0.51981336 0.112109505 0.18192002
2.0 0.7515096 0.51132 0.10570849 0.16354667
2.0 0.72541875 0.5160133 0.102801956 0.13112
2.0 0.63105476 0.59877336 0.11028985 0.27322665
2.0 0.59154594 0.56112 0.06528178 0.15434667
2.0 0.37490338 0.5698933 0.08748795 0.19376
6.0 0.40916267 0.5259467 0.06639292 0.1805333
2.0 0.63962567 0.48357335 0.0740177 0.10645335
2.0 0.44203705 0.51945335 0.03657005 0.096346684
2.0 0.44933978 0.49966666 0.050772984 0.060453348
1.0 0.52117145 0.4493733 0.04905796 0.16925332
