2.0 0.4960789 0.5486133 0.043285005 0.11781331
2.0 0.09742754 0.74864 0.19485508 0.49738666
2.0 0.29472622 0.59984004 0.15096617 0.22895996
2.0 0.3319324 0.57226664 0.11533013 0.1906133
2.0 0.37127215 0.5444533 0.08478262 0.122506686
6.0 0.39853868 0.49293333 0.095595814 0.17456
0.0 0.63399357 0.58352 0.02576492 0.21541336
2.0 0.8980555 0.60906667 0.20227858 0.28000003
6.0 0.5255033 0.48894665 0.023550715 0.07821332
2.0 0.4934179 0.51944 0.027270544 0.08239998
6.0 0.41953704 0.5103733 0.07037844 0.10042664
6.0 0.9869525 0.53186667 0.024484726 0.34789333
2.0 0.13331723 0.53187996 0.106489524 0.14408
2.0 0.20289855 0.52853334 0.064863116 0.08954668
0.0 0.22473027 0.51042664 0.011537847 0.108533345
1.0 0.32538646 0.48304 0.05220613 0.12112001
4.0 0.7402093 0.5038133 0.06012885 0.08789335
