2.0 0.47898066 0.51531917 0.027018502 0.08127659
6.0 0.06398066 0.4986702 0.12796132 0.9973404
2.0 0.058920223 0.67861706 0.11784045 0.32547876
2.0 0.17234488 0.5974867 0.1436261 0.23007978
5.0 0.27474618 0.6838431 0.09123289 0.19109045
2.0 0.32076553 0.61182183 0.10754231 0.21992023
2.0 0.2807897 0.5609841 0.071345694 0.11234041
2.0 0.3856648 0.5472075 0.050926685 0.11484044
2.0 0.34323934 0.5311569 0.041772775 0.09598402
2.0 0.40680498 0.5276596 0.035269964 0.0819149
5.0 0.43959308 0.49079785 0.019556817 0.07223405
6.0 0.25815472 0.52186173 0.06544722 0.12840427
