2.0 0.496562 0.53926665 0.043510437 0.117146626
2.0 0.23048712 0.62358665 0.13878423 0.2452533
2.0 0.28367153 0.58044 0.12782608 0.21186665
2.0 0.33984703 0.5417067 0.08945247 0.1218133
2.0 0.4334541 0.54652005 0.049549103 0.11906668
2.0 0.3897665 0.5138534 0.07133657 0.094159976
2.0 0.6103986 0.60348 0.09153784 0.21560001
1.0 0.5822102 0.45350668 0.087141715 0.31544003
0.0 0.653285 0.54370666 0.017713364 0.18474667
1.0 0.51878023 0.45770666 0.029653776 0.12533334
2.0 0.49308777 0.50917333 0.028301148 0.085493326
2.0 0.20677537 0.52841336 0.06532207 0.09848002
