2.0 0.9465238 0.56568915 0.10531861 0.13845944
2.0 0.8943587 0.5630541 0.101478755 0.1317838
2.0 0.825866 0.5620135 0.09464055 0.14191893
2.0 0.50614375 0.5076351 0.027826808 0.08197297
3.0 0.5061519 0.59664863 0.07447711 0.31227025
3.0 0.55547386 0.5717432 0.08187907 0.29867563
3.0 0.36963645 0.52367574 0.024517968 0.13940541
0.0 0.1561724 0.46685138 0.0125245135 0.1282973
0.0 0.047495916 0.5299189 0.036429737 0.2771351
0.0 0.18764704 0.4980676 0.020767972 0.16240542
0.0 0.16459557 0.4890946 0.018586602 0.16510813
0.0 0.6248611 0.63077027 0.051486924 0.45002705
0.0 0.6541871 0.6166352 0.050334975 0.4212703
0.0 0.7405555 0.6232162 0.06694444 0.48918918
0.0 0.739567 0.6686622 0.0728104 0.5517568
4.0 0.28550655 0.45466217 0.019493466 0.061918907
4.0 0.44840276 0.47016215 0.009338243 0.025729725
