2.0 0.93893725 0.8002 0.12051528 0.39426666
2.0 0.844537 0.75910664 0.3093156 0.47645333
2.0 0.6579911 0.61583996 0.1366425 0.30469328
2.0 0.40785426 0.53929335 0.05917068 0.19277334
8.0 0.599368 0.61768 0.039476667 0.2674667
2.0 0.28297907 0.71198666 0.1657971 0.38456005
2.0 0.1076409 0.78808004 0.2152818 0.41850662
2.0 0.5711312 0.5389467 0.051231883 0.11746669
2.0 0.60004425 0.5620133 0.06704508 0.16103996
2.0 0.45189214 0.50465333 0.024041858 0.07239999
4.0 0.49684784 0.47793335 0.062471844 0.041306667
4.0 0.5331763 0.5051066 0.021070844 0.080133334
