2.0 0.9434395 0.45131084 0.11148698 0.19062161
2.0 0.42368463 0.51902705 0.04179741 0.101729736
3.0 0.591634 0.47775677 0.03140522 0.09718919
3.0 0.5399387 0.49285135 0.028848058 0.094675675
3.0 0.29658905 0.52925676 0.03152779 0.11208109
2.0 0.78868055 0.43220267 0.06585784 0.06764865
4.0 0.37300652 0.5050405 0.031993456 0.10067565
4.0 0.47300652 0.48308107 0.019493466 0.077405415
4.0 0.7257475 0.45982432 0.05464867 0.056729726
4.0 0.50933826 0.4662838 0.023398718 0.033486467
4.0 0.2698856 0.5192567 0.00856211 0.07224325
4.0 0.61988556 0.46886486 0.01168301 0.069675684
