2.0 0.62706923 0.5665067 0.0820773 0.18144004
2.0 0.5675403 0.48949334 0.051650546 0.05807999
0.0 0.41497585 0.50684005 0.010193234 0.10125334
3.0 0.6793237 0.51929337 0.044927552 0.11762667
2.0 0.70421094 0.47749332 0.05322061 0.06496
2.0 0.8293599 0.47844002 0.07018516 0.06258668
6.0 0.96397746 0.46052 0.07043475 0.08194665
2.0 0.3166546 0.50961334 0.04768921 0.061626673
2.0 0.48985106 0.48713332 0.0166586 0.03778669
2.0 0.46318436 0.48737335 0.019363903 0.03858665
4.0 0.10014895 0.52473336 0.084114335 0.061253343
4.0 0.367339 0.49724 0.0062399367 0.038159985
4.0 0.51599437 0.48051998 0.028880846 0.03095998
