2.0 0.34976307 0.59960806 0.113300644 0.2432162
3.0 0.8760948 0.46598646 0.07910129 0.20597298
3.0 0.7988276 0.46289188 0.057050705 0.16605404
0.0 0.46071896 0.51806754 0.02532682 0.17148648
3.0 0.6382843 0.47532433 0.034771238 0.10535138
0.0 0.3386397 0.52509457 0.018553916 0.19310811
3.0 0.7030678 0.4716622 0.022802308 0.11786485
0.0 0.18188727 0.5523378 0.01746733 0.14727023
0.0 0.1785825 0.5588649 0.0206781 0.14183784
3.0 0.2646977 0.5502297 0.06383987 0.18694595
0.0 0.23841503 0.54916215 0.02349672 0.14648649
0.0 0.2159273 0.5577027 0.027263073 0.18010814
0.0 0.30566993 0.52535135 0.01954249 0.18210813
2.0 0.9550164 0.4322973 0.08833331 0.10518919
2.0 0.8747794 0.46051353 0.10009802 0.08902703
4.0 0.5202737 0.46112162 0.021838233 0.028297288
