2.0 0.48621577 0.53014666 0.045652162 0.122906685
2.0 0.2442673 0.64078665 0.18721417 0.31159997
2.0 0.28522944 0.5845733 0.15355071 0.23368001
2.0 0.3529227 0.53929335 0.0931401 0.13373338
2.0 0.38788247 0.5146533 0.07661837 0.10973334
6.0 0.8154146 0.56984 0.3675604 0.85498667
2.0 0.6597061 0.60778666 0.12570854 0.24773335
2.0 0.5563365 0.52084 0.03964574 0.093306676
6.0 0.52888083 0.47362667 0.02758453 0.095200025
2.0 0.48879224 0.50256 0.02933979 0.08864001
6.0 0.0765781 0.5494267 0.1531562 0.44146666
2.0 0.11047906 0.53278667 0.08741546 0.11736005
2.0 0.22576891 0.50629336 0.06076488 0.08293336
4.0 0.44138083 0.48955998 0.03591787 0.080133334
