2.0 0.07852657 0.85182667 0.15705314 0.2910133
2.0 0.86391306 0.7597467 0.27056357 0.47517332
2.0 0.88628024 0.59154665 0.22582926 0.2741333
2.0 0.34841385 0.5888533 0.094847046 0.20832
2.0 0.61070853 0.58365333 0.08637678 0.20789334
6.0 0.38081318 0.52904 0.07243154 0.21248
2.0 0.57788646 0.5510934 0.07010464 0.15658668
6.0 0.2599195 0.48832002 0.15154588 0.18325332
6.0 0.49960953 0.4781467 0.02152175 0.07815998
6.0 0.6504831 0.45812002 0.09209342 0.11751999
4.0 0.4616989 0.47145334 0.014041855 0.049093314
4.0 0.5370894 0.44688 0.016384896 0.05685336
