6.0 0.3863124 0.5148667 0.032801922 0.10866666
3.0 0.5028784 0.59801334 0.050442833 0.26685333
2.0 0.6302858 0.62574667 0.11033008 0.26680002
2.0 0.54286635 0.58602667 0.09342993 0.18757333
2.0 0.26185587 0.5792533 0.07987922 0.17626667
6.0 0.28799516 0.55341333 0.05800322 0.15776004
2.0 0.48690414 0.54654664 0.059025764 0.13976002
2.0 0.4620813 0.53775996 0.05177943 0.110506706
2.0 0.43933573 0.53024 0.035515286 0.08272004
4.0 0.33977857 0.48823997 0.004983902 0.05104
4.0 0.35588565 0.46225333 0.018566813 0.03234666
