2.0 0.24800722 0.67605335 0.16079709 0.33349332
2.0 0.14502415 0.7522 0.2900483 0.49026665
2.0 0.80925924 0.45328 0.16698869 0.19631998
2.0 0.8996417 0.44041333 0.08376013 0.12733333
6.0 0.9876489 0.41528 0.023091724 0.13557331
2.0 0.9437561 0.43970665 0.0946618 0.115840025
2.0 0.3763406 0.56498665 0.060201306 0.13018669
2.0 0.3345048 0.5926267 0.09490338 0.19677332
2.0 0.5775765 0.51456004 0.046988714 0.10666667
2.0 0.40110308 0.54634666 0.043591 0.10837334
2.0 0.5139251 0.52225333 0.029492741 0.07906665
2.0 0.5876933 0.5065066 0.07743159 0.08992001
2.0 0.51126814 0.48257333 0.0340499 0.042479992
4.0 0.43630034 0.52580005 0.024194809 0.07495999
