6.0 0.011719001 0.6166667 0.023438003 0.25605336
2.0 0.7221659 0.56456 0.09338166 0.20005335
2.0 0.8100161 0.56538665 0.11710139 0.17647998
6.0 0.06430354 0.55442667 0.12860708 0.15242669
2.0 0.034263283 0.58416 0.068526566 0.16725333
6.0 0.13222626 0.5153733 0.12084541 0.15842666
6.0 0.16847424 0.51156 0.10429148 0.13746664
5.0 0.43528184 0.4821067 0.050112724 0.09248001
4.0 0.23591387 0.51545334 0.057785828 0.080133334
4.0 0.34059983 0.49475998 0.11090985 0.038746662
4.0 0.54749197 0.47873333 0.052165847 0.030960014
4.0 0.59586555 0.47392002 0.014162654 0.026506662
4.0 0.6429469 0.47014666 0.02966186 0.03095998
