6.0 0.07165459 0.6436933 0.14330918 0.70728004
2.0 0.8815741 0.7569467 0.23524149 0.4807733
2.0 0.7411111 0.70980006 0.19347823 0.44290668
6.0 0.043796293 0.54 0.08759259 0.5119466
2.0 0.69105077 0.54561335 0.10316426 0.29373336
6.0 0.48737517 0.49278668 0.035507247 0.12413335
6.0 0.7387601 0.44405335 0.15719809 0.19546665
2.0 0.36232287 0.51484 0.045837358 0.09394666
2.0 0.30706924 0.4981067 0.054895334 0.12880002
2.0 0.59821254 0.49230665 0.04847018 0.091813326
6.0 0.5338849 0.44064 0.025289854 0.09045335
2.0 0.63508457 0.48466668 0.050603867 0.09797331
1.0 0.5022021 0.42825332 0.024355888 0.12584002
5.0 0.25801128 0.5382933 0.08450885 0.06581334
2.0 0.20901771 0.51648 0.06834138 0.096693315
2.0 0.13101448 0.5213467 0.06141707 0.08658668
4.0 0.43278584 0.47662666 0.02341384 0.059439998
