0.0 0.61860704 0.6853108 0.08858663 0.62397295
0.0 0.53642154 0.66324323 0.08119279 0.6681081
0.0 0.4348325 0.66425675 0.066952616 0.5011081
0.0 0.4740033 0.50339186 0.024330094 0.2237027
0.0 0.43998364 0.46225676 0.016715685 0.20251353
0.0 0.46548203 0.4733108 0.014918282 0.17667566
0.0 0.5025123 0.47733784 0.0172467 0.16608109
3.0 0.4203513 0.44404054 0.028267996 0.11516217
4.0 0.2441013 0.48567566 0.10230394 0.19113514
4.0 0.3409763 0.4494865 0.025743484 0.10843243
4.0 0.38316587 0.4494865 0.03043302 0.11875677
4.0 0.81050247 0.37195948 0.37572715 0.10327029
