0.0 0.20721729 0.7100401 0.1532714 0.57457215
0.0 0.25754848 0.7268048 0.06924879 0.54104275
0.0 0.13285138 0.7286363 0.060969308 0.5373796
0.0 0.11909127 0.6920722 0.05771405 0.4398663
0.0 0.32712036 0.65294117 0.052544434 0.44582886
0.0 0.14674476 0.7116845 0.04896607 0.45566845
0.0 0.28029078 0.65919787 0.06268174 0.42422462
2.0 0.30998385 0.60902405 0.117253624 0.2647326
3.0 0.39953554 0.53258026 0.025840033 0.18852946
0.0 0.55072296 0.50783426 0.01978193 0.16625667
0.0 0.44057757 0.51411766 0.010783513 0.12229947
0.0 0.44934168 0.5093984 0.012867519 0.12767379
4.0 0.045286752 0.5749064 0.021849757 0.16799463
