0.0 0.27499998 0.48656756 0.0130719 0.11108106
0.0 0.3584763 0.48467568 0.0068055564 0.08227028
0.0 0.2712418 0.46674326 0.008169924 0.08813514
2.0 0.82929736 0.55404055 0.08848045 0.13024323
2.0 0.89437914 0.55744594 0.098839894 0.1247297
2.0 0.9479698 0.55917567 0.10242644 0.12629731
0.0 0.29358658 0.46456757 0.0100817 0.09421621
0.0 0.29375815 0.55920273 0.025604567 0.21764867
0.0 0.3743464 0.5503243 0.028055554 0.2442703
3.0 0.49056372 0.5388108 0.035081726 0.21540543
2.0 0.50627047 0.5021486 0.029485295 0.07624323
0.0 0.2483129 0.4772432 0.0125245135 0.11216215
0.0 0.18501225 0.473527 0.008717321 0.118621625
0.0 0.7951879 0.51552707 0.0100817 0.09894592
4.0 0.16011846 0.4908243 0.02964869 0.09808111
4.0 0.44836193 0.47135136 0.01025327 0.020594597
4.0 0.41702208 0.4965946 0.0075408393 0.04475675
