0.0 0.5549878 0.4707973 0.016887257 0.15418918
0.0 0.2451389 0.5375541 0.03022875 0.32921618
0.0 0.60473853 0.593946 0.047385626 0.4348649
0.0 0.6002288 0.5516486 0.044656843 0.37427026
0.0 0.5495179 0.59574324 0.044934638 0.42521623
0.0 0.53925246 0.6070405 0.046838216 0.4418108
0.0 0.45301062 0.48924324 0.026691165 0.21118924
0.0 0.47582516 0.4818919 0.024232047 0.2217838
0.0 0.44564542 0.48152703 0.02287583 0.19451353
0.0 0.41691995 0.49262163 0.018790836 0.20491889
0.0 0.3519036 0.48425674 0.022058828 0.20500003
0.0 0.37688318 0.48624325 0.016887257 0.17967568
0.0 0.3962541 0.47533783 0.019877478 0.20159462
6.0 0.10936275 0.49864864 0.2187255 0.9972973
4.0 0.8124632 0.37194592 0.36871734 0.09291891
4.0 0.2847263 0.48827028 0.04293301 0.12394595
