3.0 0.9476674 0.5220811 0.09791665 0.28497294
0.0 0.8080188 0.48814866 0.019354593 0.17613514
0.0 0.095339045 0.6515676 0.19067809 0.6914595
0.0 0.061401147 0.62641895 0.122802295 0.74175674
0.0 0.6022549 0.5561081 0.031601317 0.25108108
3.0 0.73592323 0.52136487 0.07220591 0.21494596
3.0 0.9650613 0.4978378 0.06824348 0.22670269
0.0 0.8647672 0.5432297 0.03574353 0.3191622
0.0 0.8856904 0.5420676 0.036413375 0.38494593
0.0 0.8732149 0.5600135 0.026200976 0.3032703
6.0 0.49058005 0.46278378 0.015571867 0.058216233
4.0 0.461683 0.46371624 0.012467339 0.033486467
