2.0 0.688124 0.64206666 0.15964577 0.34216
2.0 0.4090137 0.5464667 0.06401773 0.20551999
8.0 0.62136066 0.64596 0.042689234 0.2965067
2.0 0.25960144 0.74921334 0.19595008 0.44690666
2.0 0.079182774 0.79422665 0.15836555 0.40621334
2.0 0.582335 0.5535067 0.05555557 0.12589332
2.0 0.6167915 0.57552 0.07678745 0.17872
2.0 0.45765296 0.50339997 0.025499208 0.07442669
2.0 0.57104266 0.53172004 0.040056366 0.10744003
2.0 0.5590338 0.5204933 0.03227052 0.08493335
2.0 0.54935586 0.5128266 0.027842203 0.07488002
4.0 0.49724233 0.48181334 0.03200481 0.038719993
4.0 0.52614737 0.48829335 0.025756836 0.041333336
