2.0 0.71994764 0.70018667 0.19107087 0.40458664
2.0 0.4070411 0.58170664 0.07018521 0.22016004
8.0 0.64890903 0.6807466 0.047785804 0.33258662
2.0 0.22388084 0.76857334 0.24436392 0.45751998
2.0 0.59152573 0.5948267 0.06000805 0.14064002
2.0 0.6319283 0.62585336 0.08488728 0.20466669
2.0 0.4598269 0.54382664 0.026095027 0.07943998
2.0 0.579525 0.56498665 0.042979058 0.11653335
2.0 0.5654227 0.55572 0.034323692 0.091066636
2.0 0.5545773 0.5488 0.029508863 0.08031995
4.0 0.51091385 0.51545334 0.05153783 0.038746662
