2.0 0.7908856 0.74914664 0.32758453 0.49637333
2.0 0.597182 0.5668 0.08293074 0.22688
2.0 0.23552336 0.5773734 0.19708534 0.22786665
2.0 0.2790298 0.55502665 0.14989533 0.19544002
2.0 0.2850483 0.5299867 0.11885668 0.20674665
2.0 0.34996778 0.5243467 0.09281801 0.11818671
2.0 0.36862722 0.5228133 0.08603062 0.11565331
2.0 0.36780593 0.50989336 0.06950885 0.11445335
2.0 0.40316024 0.47669333 0.058124 0.090079986
3.0 0.46750805 0.47768 0.005225454 0.045439992
2.0 0.5455596 0.5202133 0.037769727 0.097546645
2.0 0.5128865 0.48053333 0.017592613 0.045013327
4.0 0.4409863 0.46888 0.03512882 0.036159992
4.0 0.4849517 0.45645332 0.0058293114 0.022346666
