0.0 0.21264298 0.63408107 0.038129102 0.368054
0.0 0.16292484 0.6196081 0.049836602 0.4268919
0.0 0.3189338 0.6625811 0.05691994 0.49029732
3.0 0.83688724 0.6203108 0.063284375 0.3021892
3.0 0.9653758 0.57577026 0.033970606 0.17251351
0.0 0.5899428 0.5122432 0.0095261615 0.11102704
0.0 0.60251635 0.52144593 0.010898681 0.09651351
3.0 0.81093544 0.5281081 0.038390476 0.11459459
0.0 0.9113357 0.53002703 0.010890506 0.1170811
0.0 0.93890524 0.5522703 0.019607816 0.11967567
4.0 0.106993474 0.50505406 0.0077777705 0.06708108
