0.0 0.29961753 0.54981333 0.016884055 0.16042669
0.0 0.23488729 0.52396 0.016650563 0.14695999
5.0 0.7001409 0.5869733 0.044629596 0.17357333
4.0 0.38865134 0.5051066 0.022632848 0.12413335
4.0 0.42537037 0.48051998 0.036698885 0.08530668
4.0 0.51169485 0.45465332 0.03591787 0.06978668
4.0 0.47536632 0.4624 0.022632826 0.033546653
4.0 0.33903784 0.5038 0.040603865 0.080133334
4.0 0.26911432 0.49991998 0.039822873 0.082720004
4.0 0.57809985 0.48828 0.02653785 0.090479985
4.0 0.6601329 0.5051066 0.056223825 0.16034667
