2.0 0.94668305 0.56663513 0.105 0.13856755
2.0 0.894379 0.56297296 0.10171572 0.13178375
2.0 0.8258251 0.56214863 0.094673246 0.14197294
2.0 0.50616825 0.5075 0.027843157 0.08197297
3.0 0.39535132 0.5271216 0.029983656 0.15375678
3.0 0.41634804 0.4959595 0.013006528 0.080513515
0.0 0.16135621 0.46636486 0.014150324 0.12786487
0.0 0.16388889 0.51199996 0.027777774 0.20243242
3.0 0.72010624 0.5866892 0.0967974 0.41489193
0.0 0.21395424 0.48731083 0.015800659 0.14056757
0.0 0.18774101 0.4828784 0.019338233 0.14235136
0.0 0.45822302 0.59982437 0.045204252 0.34094596
0.0 0.4900245 0.5746487 0.043709166 0.32535133
0.0 0.53645426 0.588554 0.042761438 0.37035134
0.0 0.8604411 0.6776081 0.10294115 0.5816487
0.0 0.8745669 0.6600405 0.096944444 0.50770265
0.0 0.66033906 0.6661892 0.08796569 0.54605407
0.0 0.6899469 0.6555676 0.05582519 0.50313514
0.0 0.6993505 0.6417838 0.04928925 0.42524323
0.0 0.50772876 0.61612165 0.05800656 0.4013243
