2.0 0.47847304 0.5106117 0.03428691 0.10313831
2.0 0.062639 0.79038566 0.125278 0.41390958
2.0 0.072904915 0.6475931 0.14580983 0.29151592
2.0 0.21915391 0.64382976 0.17535858 0.305
6.0 0.24978243 0.53953457 0.091861404 0.18369685
5.0 0.35232073 0.5250798 0.07690575 0.24515955
6.0 0.37996778 0.5032447 0.069556825 0.21234046
2.0 0.3020387 0.53908247 0.05261887 0.100345746
2.0 0.41267124 0.50372344 0.034673646 0.09319149
2.0 0.42610395 0.5054122 0.023311842 0.057473388
6.0 0.43789688 0.47656918 0.022143409 0.08058511
2.0 0.16564465 0.5592553 0.103295736 0.14537239
