0.0 0.5797011 0.60859627 0.028804552 0.3047326
0.0 0.3675121 0.57225937 0.03231019 0.22601604
0.0 0.33431745 0.57259357 0.019652661 0.214385
0.0 0.6708078 0.55358285 0.021534737 0.21363637
0.0 0.6499515 0.5493449 0.021001633 0.20954548
0.0 0.53590876 0.54622996 0.020460447 0.18176468
0.0 0.5987762 0.60871655 0.022883687 0.2817647
0.0 0.5654564 0.58459896 0.034870785 0.22401068
0.0 0.6274677 0.5535294 0.02369145 0.2246524
0.0 0.63694674 0.532139 0.01746364 0.18903743
2.0 0.46868742 0.52195185 0.034418423 0.089197874
0.0 0.03644992 0.6485829 0.046583198 0.34561494
4.0 0.5038813 0.4843984 0.010912759 0.030935833
4.0 0.086300485 0.79213905 0.058562193 0.3360963
