0.0 0.7688285 0.5598 0.04293882 0.3321867
2.0 0.8390943 0.7469067 0.29282606 0.50085336
2.0 0.69195247 0.63034666 0.1379791 0.27541333
2.0 0.3320008 0.6220933 0.122793876 0.26696
2.0 0.3902496 0.58012 0.07057973 0.17256
2.0 0.621413 0.56904 0.0776087 0.17418663
2.0 0.4232367 0.54366666 0.05061195 0.13986667
2.0 0.46841785 0.5282666 0.04541865 0.10143999
2.0 0.5939573 0.53974664 0.040523347 0.12562664
2.0 0.54762477 0.51088 0.043961342 0.07264001
4.0 0.26638484 0.5219334 0.024975846 0.038746662
4.0 0.054661836 0.5542533 0.024975846 0.036133323
4.0 0.6843478 0.47405332 0.07497583 0.07237335
