2.0 0.27090582 0.76088 0.21891305 0.47290665
2.0 0.69588166 0.71673334 0.21754429 0.5612
2.0 0.620318 0.6322133 0.1111675 0.27392003
5.0 0.3814372 0.6112266 0.0624557 0.13317333
2.0 0.4051248 0.55588 0.057979062 0.14168003
2.0 0.5700121 0.56993335 0.07839775 0.17357336
2.0 0.44384056 0.50733334 0.023027375 0.06522666
2.0 0.5174356 0.49848 0.02271339 0.06255998
4.0 0.4710709 0.47404 0.018727848 0.015439987
4.0 0.5027093 0.48051998 0.028880801 0.049093347
4.0 0.45700482 0.48957333 0.015603883 0.051679987
