2.0 0.06978261 0.75673336 0.13956521 0.48119998
2.0 0.40730277 0.54785335 0.050837334 0.106799975
2.0 0.19107488 0.66145337 0.1650161 0.29309335
2.0 0.3224396 0.57886666 0.066537835 0.13175999
2.0 0.5183333 0.5094 0.02375203 0.06877334
2.0 0.6079791 0.48618668 0.07534622 0.077439986
2.0 0.59855473 0.47836 0.06516103 0.09207998
6.0 0.7520974 0.43826666 0.071103096 0.08602667
4.0 0.9559742 0.46956 0.08489536 0.13901332
4.0 0.47277778 0.48482665 0.010934012 0.030666692
4.0 0.6782609 0.44871998 0.0696457 0.05845332
4.0 0.43671498 0.5154 0.02938811 0.07511997
4.0 0.55287033 0.47372 0.043647356 0.04178667
