2.0 0.16377617 0.7652667 0.32755235 0.46413332
6.0 0.35291868 0.55352 0.13641709 0.41904
2.0 0.8652053 0.69217336 0.26797903 0.61032
2.0 0.76445246 0.6178533 0.3258132 0.35549334
2.0 0.11089371 0.77062666 0.22178742 0.4534133
2.0 0.6020249 0.5363067 0.14614332 0.19954665
6.0 0.423756 0.51796 0.0635024 0.18114665
2.0 0.5299074 0.51170665 0.03174718 0.09183999
2.0 0.51717794 0.50718665 0.029186795 0.08898667
0.0 0.4683172 0.48449332 0.0072463807 0.054533344
0.0 0.47211355 0.48365334 0.006706919 0.053066663
2.0 0.44663042 0.48577335 0.013711748 0.04818668
