2.0 0.41827157 0.5100665 0.016849335 0.046569176
2.0 0.44734082 0.5472872 0.049766313 0.14824465
2.0 0.35818294 0.5623936 0.061764717 0.1694149
2.0 0.14160354 0.61925536 0.1547623 0.23239361
2.0 0.06855761 0.5980586 0.13711523 0.19276598
2.0 0.26666397 0.5510771 0.06054794 0.117952146
6.0 0.16370265 0.52948135 0.08951653 0.16289894
2.0 0.30275586 0.53162235 0.04017728 0.08526598
2.0 0.23622482 0.53359044 0.043150697 0.07776594
6.0 0.33921432 0.4925266 0.02941983 0.104095735
5.0 0.3781668 0.48480055 0.03343271 0.121728726
