0.0 0.029476648 0.73638666 0.039983895 0.47373334
2.0 0.84105885 0.7469867 0.3162721 0.5006933
2.0 0.2501852 0.7402267 0.2074396 0.44381332
2.0 0.32729468 0.65650666 0.12236718 0.22117332
2.0 0.6207287 0.6126533 0.11627215 0.24941333
2.0 0.40506846 0.53915995 0.04775365 0.11650668
2.0 0.5533132 0.53658664 0.04393723 0.116106644
6.0 0.41433576 0.5078267 0.04110309 0.13517335
2.0 0.5410346 0.52717334 0.040603865 0.09759998
6.0 0.32071254 0.48104 0.10801127 0.13290665
6.0 0.49296698 0.48265335 0.01844606 0.064346686
6.0 0.6157488 0.46886668 0.07317229 0.094693355
4.0 0.46019727 0.48068 0.015966188 0.04455999
