2.0 0.15398148 0.75853336 0.30796295 0.4776
2.0 0.8356602 0.74376 0.32706922 0.50714666
6.0 0.29669082 0.59577334 0.15922706 0.41864005
2.0 0.67396134 0.64888 0.16752012 0.32741332
2.0 0.6174315 0.56270665 0.065233506 0.18071996
6.0 0.15884863 0.50044 0.23008052 0.27112
2.0 0.6331683 0.51708 0.07087762 0.16717331
6.0 0.50482684 0.48256 0.027576491 0.09637332
6.0 0.6974718 0.45948002 0.11847019 0.14861335
2.0 0.40772948 0.5048133 0.03141703 0.07224001
2.0 0.36652175 0.49389336 0.038905006 0.09882665
4.0 0.461876 0.47928 0.019323712 0.058453355
4.0 0.54910225 0.45289332 0.022681145 0.077893324
