2.0 0.26683575 0.73108 0.20545894 0.46381333
2.0 0.38082528 0.60228 0.07788245 0.20637335
6.0 0.41532207 0.5185867 0.05888889 0.19807999
2.0 0.1694042 0.71728 0.17114331 0.35765332
2.0 0.65492755 0.57997334 0.1931884 0.24565332
2.0 0.61191624 0.55866665 0.14161028 0.16181329
2.0 0.5544767 0.52898663 0.08962963 0.12325338
6.0 0.4427818 0.51208 0.03644925 0.109333344
5.0 0.9062963 0.72937334 0.1857971 0.40077332
5.0 0.8057488 0.66753334 0.12376808 0.29362664
5.0 0.7706683 0.63468 0.12711756 0.28269333
2.0 0.51452494 0.50968 0.023945218 0.07013334
6.0 0.105978265 0.61052 0.21195653 0.7736267
