2.0 0.50216186 0.55090666 0.06034624 0.16250665
2.0 0.09898953 0.55409336 0.14665863 0.20184003
3.0 0.93113124 0.66451997 0.1361272 0.4458933
6.0 0.6188325 0.51489335 0.095281824 0.29112
0.0 0.30550322 0.59684 0.03327699 0.37709334
6.0 0.22739533 0.50149333 0.08057167 0.14389335
2.0 0.33965778 0.5326 0.10946053 0.18242669
2.0 0.35725844 0.5263067 0.101070836 0.13608
2.0 0.3800966 0.51909333 0.09433174 0.11711999
2.0 0.41203704 0.4976267 0.061900184 0.095199995
2.0 0.43587756 0.47554666 0.047278587 0.06143999
2.0 0.5714654 0.50964004 0.04711755 0.10482669
2.0 0.55592996 0.48334667 0.038123995 0.09970665
2.0 0.4865016 0.50230664 0.033695675 0.10184002
2.0 0.26053542 0.4842933 0.05694848 0.08149334
4.0 0.5163889 0.43484 0.01429149 0.052880015
4.0 0.4610306 0.44038668 0.029388065 0.052880015
