2.0 0.7617834 0.74351996 0.23627217 0.4832533
2.0 0.4040459 0.58871996 0.07667474 0.23770669
8.0 0.67329305 0.695 0.05603863 0.38514665
2.0 0.16378018 0.7754267 0.32756037 0.44381332
2.0 0.6008011 0.59292 0.06508051 0.1486667
2.0 0.6475402 0.6300667 0.09696456 0.22744001
2.0 0.46138892 0.53682667 0.026095027 0.08128003
2.0 0.42788646 0.57854664 0.05245572 0.14237332
2.0 0.5872464 0.56949335 0.045942035 0.12282664
2.0 0.57010067 0.55218667 0.036336534 0.09413331
2.0 0.5596216 0.54278666 0.031239918 0.08248002
4.0 0.51429147 0.5084533 0.04867958 0.033439975
