0.0 0.553021 0.59121656 0.030355409 0.28259355
0.0 0.36884084 0.5634492 0.024693057 0.20743312
0.0 0.33894992 0.5636497 0.019854615 0.19510691
8.0 0.054127626 0.8744653 0.10825525 0.24572189
0.0 0.6437884 0.5397192 0.022390956 0.19034764
0.0 0.61189824 0.5342112 0.020452363 0.18756686
0.0 0.5224717 0.5393716 0.02093701 0.17617644
0.0 0.5832755 0.5954946 0.024596123 0.26815507
0.0 0.60733443 0.5454412 0.027221316 0.21516044
0.0 0.6280896 0.5252406 0.030088833 0.18208554
2.0 0.4588328 0.5180882 0.033756074 0.086016044
0.0 0.0845517 0.6370321 0.052285943 0.3180214
8.0 0.13799272 0.7816043 0.102592885 0.40181813
4.0 0.48995554 0.48622996 0.01848952 0.05010697
