2.0 0.45088232 0.5358245 0.044053167 0.13255318
2.0 0.34385982 0.5862766 0.086365856 0.21787235
2.0 0.05656728 0.6824202 0.11313456 0.33893618
2.0 0.22885577 0.5711702 0.091877505 0.15744683
6.0 0.11173247 0.5415692 0.1267365 0.20531917
2.0 0.36310637 0.5501197 0.046599526 0.11848406
2.0 0.29304996 0.5417819 0.052755833 0.10340428
2.0 0.22067687 0.5368484 0.05468171 0.090345755
6.0 0.3437228 0.49375004 0.035294123 0.11856382
5.0 0.38858178 0.4836968 0.037356943 0.13446808
1.0 0.4034327 0.465 0.020596277 0.107872315
