2.0 0.82031405 0.73293334 0.34296295 0.52879995
2.0 0.093220614 0.72951996 0.18644123 0.49375996
2.0 0.10463366 0.6389066 0.20926732 0.43834665
2.0 0.15931161 0.6234533 0.20406602 0.25101334
2.0 0.26019728 0.5996933 0.16272947 0.20178665
2.0 0.3007971 0.5775066 0.14175524 0.18573332
2.0 0.31335345 0.5656933 0.107979074 0.1732
2.0 0.32734704 0.54437333 0.12867148 0.15525334
2.0 0.3555153 0.5317067 0.08866347 0.11520004
2.0 0.38591385 0.5054 0.0749034 0.11522668
3.0 0.46468598 0.50097334 0.0067472 0.057306666
2.0 0.57851046 0.5680133 0.0592754 0.15378666
2.0 0.6451973 0.5283333 0.103003226 0.13853332
2.0 0.58326083 0.50142664 0.060048286 0.088933334
2.0 0.5213446 0.50212 0.021336555 0.053679977
4.0 0.44216183 0.49593332 0.031908218 0.052880015
4.0 0.48703304 0.47649336 0.0059017455 0.019546678
4.0 0.5067472 0.47789332 0.018486341 0.055680003
