2.0 0.99589777 0.72412 0.0065941582 0.54642665
2.0 0.36186796 0.6676267 0.18429954 0.36965328
2.0 0.837665 0.75912 0.3230596 0.47642666
2.0 0.72737116 0.6768001 0.17677134 0.4018667
2.0 0.9592029 0.49253336 0.079983845 0.21514665
6.0 0.9122182 0.4935467 0.16351846 0.2553067
6.0 0.808595 0.51221335 0.1416023 0.22677334
2.0 0.42195657 0.5701067 0.07164251 0.16789334
2.0 0.45035025 0.5399467 0.061747186 0.12954664
2.0 0.7245813 0.49998665 0.069822855 0.107333355
2.0 0.6012721 0.52279997 0.03964574 0.10725331
2.0 0.4858897 0.51396 0.037544295 0.09042668
1.0 0.5638808 0.45499998 0.036731083 0.12120002
4.0 0.06600644 0.5473333 0.091449276 0.03898665
4.0 0.16874397 0.53204 0.040289856 0.05287998
4.0 0.24506843 0.53344 0.031908218 0.027893338
4.0 0.5021297 0.48898667 0.034420285 0.06677335
4.0 0.64916664 0.47876 0.052568436 0.08205332
