2.0 0.41215688 0.5278514 0.052042507 0.12359459
3.0 0.6395098 0.47098652 0.037614368 0.11564864
3.0 0.5864543 0.48612162 0.033643812 0.108243264
0.0 0.42818627 0.49362162 0.021683011 0.10983781
3.0 0.5042974 0.4806757 0.026356198 0.08172972
0.0 0.35863972 0.5022027 0.023357823 0.11754053
3.0 0.28399917 0.53297293 0.03749182 0.12654056
0.0 0.3545547 0.5038784 0.01456699 0.111756764
2.0 0.82792485 0.43483782 0.07563727 0.07594596
4.0 0.7586479 0.47091892 0.058799062 0.06951352
4.0 0.9732108 0.4347838 0.036127456 0.06951349
4.0 0.25441584 0.53202707 0.017655237 0.097297296
