0.0 0.037095588 0.5906081 0.074191175 0.3683514
0.0 0.021642158 0.5745271 0.043284316 0.36051348
3.0 0.66908497 0.55713516 0.042042505 0.30302706
0.0 0.5079412 0.5617297 0.027287574 0.22097299
5.0 0.41160947 0.51863515 0.023872558 0.16256754
3.0 0.38974673 0.50728375 0.024705864 0.14294593
0.0 0.6544322 0.4991757 0.018031029 0.17045948
0.0 0.5516013 0.4758784 0.01173201 0.103540555
0.0 0.5241871 0.4872703 0.008799054 0.103081055
0.0 0.5378064 0.48301348 0.00948529 0.10321621
0.0 0.5822549 0.46868917 0.010735285 0.10229727
0.0 0.5935294 0.46604055 0.009967305 0.11045946
4.0 0.4529984 0.45979732 0.03361107 0.03618918
