6.0 0.17378423 0.49866667 0.34756845 0.99733335
2.0 0.7418559 0.62445337 0.3193961 0.4182933
6.0 0.37842995 0.56568 0.13008054 0.35301334
0.0 0.9004106 0.5189467 0.026296344 0.2344267
0.0 0.8309621 0.53612 0.022278558 0.27048
0.0 0.6125201 0.51084 0.013687588 0.1394933
2.0 0.55573267 0.53032 0.044541042 0.12383999
2.0 0.53933173 0.5231467 0.038937204 0.1154667
0.0 0.4872383 0.47745332 0.0076489677 0.06317336
0.0 0.49311593 0.48041335 0.0048309052 0.061466694
2.0 0.45091787 0.47784 0.0156844 0.054293327
