0.0 0.608332 0.6257754 0.042269796 0.35326204
0.0 0.3438974 0.5887032 0.030428115 0.28029415
0.0 0.2867286 0.58719254 0.02584814 0.26791444
0.0 0.7277302 0.5766578 0.03069469 0.27812836
0.0 0.6949192 0.5693315 0.03554117 0.274278
0.0 0.5382633 0.5435294 0.024232637 0.1927273
0.0 0.6069871 0.625 0.030694643 0.31470585
0.0 0.5931583 0.6004144 0.040032342 0.27622995
0.0 0.57546854 0.58959895 0.022342455 0.24796788
0.0 0.64238286 0.5582754 0.026655879 0.24473262
0.0 0.6464782 0.53446525 0.024232637 0.20235293
2.0 0.46512112 0.5157487 0.0377383 0.09614972
4.0 0.50548464 0.4848396 0.012617157 0.047326226
