2.0 0.9887601 0.68568 0.020869574 0.6233067
2.0 0.99359494 0.70585334 0.011199678 0.5690933
6.0 0.3937802 0.53594667 0.05894527 0.21264002
6.0 0.81175524 0.46704 0.26222223 0.33978668
2.0 0.18093398 0.5810934 0.107246384 0.172
2.0 0.07572867 0.56968004 0.1402174 0.23568003
2.0 0.31868356 0.5203467 0.047318846 0.11344004
2.0 0.57328904 0.52624 0.0797665 0.14666666
2.0 0.43468195 0.48625332 0.029750416 0.091173306
6.0 0.47080922 0.45363998 0.030845415 0.11458666
2.0 0.6259662 0.5184933 0.08270532 0.15319999
2.0 0.691409 0.5222267 0.09684381 0.12861334
6.0 0.96275365 0.43814665 0.07288243 0.20605333
1.0 0.43121174 0.44168 0.03290662 0.1632
5.0 0.044045895 0.62181336 0.08809179 0.12224
