2.0 0.10473028 0.77238667 0.20946056 0.44989333
2.0 0.9324155 0.54052 0.13355872 0.30008
2.0 0.86109495 0.53316003 0.1358132 0.22706668
2.0 0.80609095 0.51301336 0.12614328 0.19770667
2.0 0.76549923 0.5164 0.118148126 0.15285333
2.0 0.73037845 0.49144 0.09236717 0.13061333
2.0 0.688132 0.64893335 0.16586149 0.3822933
2.0 0.6201167 0.57601327 0.08206926 0.18962662
2.0 0.35388082 0.59476 0.113156185 0.24125335
6.0 0.4000161 0.5302 0.08225441 0.21336
2.0 0.65897745 0.48232 0.08344605 0.11866665
2.0 0.42805958 0.54502666 0.049098242 0.13485333
2.0 0.441095 0.5227733 0.043043453 0.10671997
2.0 0.52217394 0.49166664 0.053655397 0.064240016
1.0 0.52778983 0.44342667 0.052246366 0.18221334
