2.0 0.52564466 0.5140292 0.02195808 0.05773936
2.0 0.25751814 0.6575399 0.1645447 0.3313032
2.0 0.07352135 0.6651729 0.1470427 0.32156914
6.0 0.19942787 0.56095743 0.10958903 0.22643617
2.0 0.87770754 0.74131644 0.24297342 0.5120479
2.0 0.38043916 0.55821806 0.060314268 0.12962763
6.0 0.29113215 0.5324468 0.08323127 0.16117024
2.0 0.41191784 0.5389229 0.040676888 0.096037254
2.0 0.495834 0.52772605 0.03155522 0.09779256
2.0 0.35092264 0.5305452 0.045455273 0.08795214
2.0 0.4369742 0.51590425 0.019556817 0.057500023
6.0 0.37221596 0.5081383 0.03605159 0.09069146
5.0 0.48217165 0.48200798 0.022957303 0.09013299
