6.0 0.03801127 0.5258667 0.07602254 0.1842667
5.0 0.10392915 0.5316667 0.059726257 0.118586674
2.0 0.18495975 0.5453467 0.08006442 0.10397335
6.0 0.22047102 0.5028267 0.05656199 0.08981334
5.0 0.2549839 0.5069066 0.024219014 0.06106666
2.0 0.34594604 0.50494665 0.026819661 0.05554666
2.0 0.31632447 0.51060003 0.035273757 0.053786654
4.0 0.5432287 0.49177334 0.020998409 0.055653334
4.0 0.39267713 0.49454668 0.043647356 0.04455999
4.0 0.59732693 0.47928 0.06880838 0.030666659
4.0 0.6245813 0.49733332 0.020998409 0.033440012
