2.0 0.493438 0.5441333 0.045571644 0.12293335
2.0 0.23403785 0.6298533 0.1613124 0.31224003
2.0 0.2990942 0.59021336 0.13958935 0.23040001
2.0 0.3641747 0.5420133 0.10176329 0.1353333
2.0 0.3991063 0.5168267 0.0668921 0.0897067
6.0 0.41644928 0.4836 0.074508846 0.13125332
2.0 0.901868 0.76864 0.19465373 0.45738667
2.0 0.77478665 0.66844 0.23913847 0.46493337
0.0 0.5848108 0.5336933 0.018252827 0.14343998
2.0 0.74838966 0.5366934 0.13178739 0.16661334
2.0 0.48994365 0.5132266 0.02813203 0.08501335
2.0 0.059557166 0.6293734 0.11911433 0.30845332
2.0 0.15641305 0.58202666 0.1344686 0.21029337
6.0 0.9009098 0.5173733 0.19657 0.24642666
2.0 0.22407004 0.5082666 0.067431554 0.10512001
1.0 0.34743154 0.47008 0.04238326 0.10368
