2.0 0.65143317 0.62936 0.13682774 0.35130665
2.0 0.12876812 0.66324 0.25753623 0.35944003
2.0 0.19004026 0.60950667 0.22347824 0.28248
2.0 0.21465379 0.57009333 0.16761675 0.28168002
2.0 0.25150162 0.57402664 0.13677134 0.17429335
2.0 0.31729066 0.5567333 0.118204504 0.14866665
2.0 0.34157407 0.54928 0.10730273 0.14261334
2.0 0.34452093 0.52901334 0.08482288 0.13813336
2.0 0.35502014 0.52335995 0.10355073 0.12613334
2.0 0.39283013 0.48737335 0.065579735 0.10114666
3.0 0.46503222 0.48465332 0.005909829 0.050746646
2.0 0.55778587 0.54456 0.04515298 0.11936001
2.0 0.6136957 0.5136667 0.083800316 0.114693336
2.0 0.5160588 0.4949467 0.019235112 0.048986673
4.0 0.44006437 0.49733332 0.02938811 0.07232002
4.0 0.4945853 0.46954665 0.024355888 0.033440012
