2.0 0.6011644 0.58625 0.08294119 0.18851066
2.0 0.20411362 0.7285372 0.24838838 0.49351063
2.0 0.5279331 0.50828457 0.029516492 0.07348405
2.0 0.058879938 0.66651595 0.117759876 0.34132975
2.0 0.34338838 0.5938032 0.10071716 0.21462767
2.0 0.23705882 0.57035905 0.09835616 0.16188833
2.0 0.31056407 0.5418883 0.056438357 0.1069681
6.0 0.35118452 0.5082447 0.03622886 0.098776616
2.0 0.42359388 0.517234 0.02962126 0.06973406
6.0 0.3802256 0.4962899 0.03461724 0.080930844
2.0 0.43587026 0.5063963 0.022199813 0.055398908
2.0 0.48533845 0.5076862 0.022409348 0.06941489
2.0 0.5031829 0.49206117 0.010910579 0.03667552
