2.0 0.082306765 0.73164 0.16461353 0.50567997
2.0 0.12443639 0.64256 0.24887279 0.3856
2.0 0.17109501 0.61549336 0.18494365 0.27002668
2.0 0.2695773 0.5577067 0.15828502 0.18709336
2.0 0.32393318 0.52889335 0.11438808 0.17458667
2.0 0.5824436 0.57445335 0.069702104 0.16922668
2.0 0.80000395 0.7536267 0.3214895 0.48741335
2.0 0.5468398 0.52621335 0.04126408 0.11653335
2.0 0.36469 0.5290266 0.0906361 0.1092533
4.0 0.43628824 0.49317333 0.08054751 0.06954666
4.0 0.5059058 0.49731997 0.045322053 0.08344
