8.0 0.09305735 0.8433957 0.1861147 0.3078609
0.0 0.35562602 0.6922727 0.052851383 0.56705886
0.0 0.30140954 0.71540105 0.07493539 0.5638502
0.0 0.528748 0.53477275 0.027108237 0.23066847
0.0 0.400832 0.5095187 0.017770585 0.14770055
0.0 0.39346123 0.5093182 0.014628456 0.14147057
0.0 0.5200525 0.5011497 0.015743164 0.15807489
0.0 0.5673344 0.5354144 0.020177705 0.22264709
0.0 0.5991922 0.5030615 0.020533107 0.18500002
0.0 0.6160743 0.48355612 0.016268184 0.16219251
2.0 0.46886107 0.48363638 0.029434567 0.07550801
0.0 0.2908562 0.56113636 0.04759289 0.23521389
0.0 0.5870961 0.5276738 0.017423267 0.18754008
4.0 0.23611066 0.6903744 0.03779484 0.3028877
