2.0 0.49465778 0.5020267 0.022085326 0.07184001
2.0 0.13606682 0.74864 0.27213365 0.49738666
3.0 0.6988768 0.5948 0.1308132 0.45354667
0.0 0.64809984 0.59128 0.02818035 0.33023998
0.0 0.6073068 0.58346665 0.025499208 0.25647998
0.0 0.1506723 0.6363999 0.031940416 0.33552
2.0 0.13610709 0.62756 0.137657 0.19085336
2.0 0.34734702 0.5321333 0.03844604 0.07205333
3.0 0.6561916 0.55745333 0.091111094 0.32749334
4.0 0.42790657 0.49316 0.041964576 0.04178667
4.0 0.56503224 0.48342663 0.010933967 0.055653334
