3.0 0.8972426 0.6269865 0.04193633 0.2914324
0.0 0.07324755 0.6870405 0.10892974 0.6205135
3.0 0.64695257 0.67029727 0.07522878 0.37686485
3.0 0.7802165 0.59624326 0.030580066 0.17459461
0.0 0.4510825 0.5283919 0.010351317 0.11710811
0.0 0.46490198 0.5288784 0.012794131 0.10029732
3.0 0.69133985 0.5566216 0.03171571 0.10837837
0.0 0.74339056 0.5482162 0.013611113 0.10778383
0.0 0.76480395 0.574973 0.014428093 0.10945947
4.0 0.14525735 0.49036485 0.04116829 0.0861892
4.0 0.80986524 0.56674325 0.021854583 0.10008107
4.0 0.5684559 0.54591894 0.015980402 0.10286485
