0.0 0.9177577 0.6521867 0.1628744 0.6902933
3.0 0.29264894 0.56177336 0.04801932 0.25869337
3.0 0.31471416 0.54638666 0.040410608 0.20904003
6.0 0.42514092 0.48939997 0.07076486 0.1780533
8.0 0.060165055 0.60425335 0.053083736 0.18909335
8.0 0.095515296 0.5909733 0.058534622 0.17554672
0.0 0.09327697 0.58052003 0.026167473 0.23608004
0.0 0.9257649 0.6724 0.13418679 0.64986664
0.0 0.78157806 0.75032 0.055394582 0.37349337
0.0 0.8159138 0.7437867 0.048880894 0.36954665
8.0 0.21860306 0.56182665 0.0339533 0.13394666
3.0 0.5088205 0.51879996 0.034388088 0.12570667
0.0 0.74627215 0.5191733 0.018309185 0.15514663
2.0 0.3602335 0.5070133 0.06033816 0.06869333
4.0 0.656868 0.5237067 0.03190018 0.10288
4.0 0.70551527 0.51401335 0.018486341 0.14456002
