2.0 0.0601409 0.79785335 0.1202818 0.39895996
2.0 0.15213768 0.80215997 0.30427536 0.39034668
2.0 0.7896779 0.74771994 0.3400644 0.49922666
2.0 0.80188006 0.54828 0.20150562 0.20040001
2.0 0.3748913 0.56229335 0.070314 0.16079998
2.0 0.5795129 0.5579867 0.06387279 0.16050665
6.0 0.39519727 0.51584 0.057254452 0.17514665
2.0 0.55797505 0.53836 0.05479068 0.12781331
6.0 0.28599036 0.48521334 0.13210948 0.16087998
6.0 0.49323273 0.47709337 0.02010468 0.07226668
6.0 0.6328945 0.45353335 0.08384059 0.10765334
4.0 0.45935187 0.47094664 0.015966188 0.04733334
4.0 0.5293841 0.44733334 0.016803559 0.06677335
