2.0 0.9466462 0.5664054 0.105073564 0.13854058
2.0 0.894375 0.56297296 0.1016585 0.13178375
2.0 0.82583743 0.5621081 0.09466507 0.14194597
2.0 0.5061601 0.507527 0.027843157 0.08197297
3.0 0.40956697 0.53805405 0.0362582 0.17956758
3.0 0.43871325 0.5247973 0.039779436 0.17900003
3.0 0.40916258 0.50017565 0.014779408 0.0895946
0.0 0.15669526 0.46654055 0.0125245135 0.12799999
0.0 0.14121732 0.51647294 0.03212418 0.21662164
3.0 0.85991013 0.6239324 0.15158498 0.51635134
0.0 0.21463235 0.4929189 0.017352922 0.14508107
0.0 0.18531454 0.48456758 0.016936269 0.14691891
0.0 0.48702613 0.60035133 0.041307222 0.36216214
0.0 0.5178922 0.5796486 0.04151962 0.34205407
0.0 0.5590196 0.6006351 0.050261408 0.39575672
0.0 0.9622672 0.6934189 0.07383174 0.60775673
0.0 0.9615849 0.67064863 0.07519613 0.5288108
0.0 0.7466095 0.69960815 0.09967323 0.59537834
0.0 0.75308824 0.6805811 0.08781043 0.555
0.0 0.7773734 0.66040546 0.06657682 0.4652973
0.0 0.55291665 0.6246217 0.054950986 0.42962164
4.0 0.35727125 0.4750946 0.0100980485 0.07786485
