3.0 0.65066993 0.58743244 0.049950965 0.22556758
3.0 0.39589465 0.662 0.068978764 0.3697297
0.0 0.4861928 0.55228376 0.012254897 0.10305405
0.0 0.008182189 0.56927025 0.016364379 0.17962159
0.0 0.021691177 0.5752973 0.02124183 0.15556757
3.0 0.4538562 0.54136485 0.02785946 0.10651346
0.0 0.15583333 0.5693919 0.017156862 0.1615946
0.0 0.14159723 0.56855404 0.015792483 0.13737842
0.0 0.42468134 0.538946 0.014705885 0.12000002
0.0 0.4515972 0.5543108 0.01198528 0.1194865
4.0 0.6129616 0.5334054 0.017655237 0.061189175
4.0 0.5550245 0.5250811 0.027728762 0.038972955
