3.0 0.9119726 0.6855733 0.10446049 0.62352
0.0 0.6612319 0.5760266 0.031819616 0.34944
0.0 0.8983132 0.6088667 0.035080593 0.35869333
0.0 0.15610306 0.5772 0.028985512 0.25973335
0.0 0.2181562 0.57132 0.030950092 0.27426666
8.0 0.12385668 0.5883067 0.038019318 0.12808003
3.0 0.3866385 0.52126664 0.029138496 0.15570667
6.0 0.4514936 0.48053333 0.054645766 0.14218667
0.0 0.6672061 0.55376 0.040128797 0.28698668
3.0 0.48791867 0.50736 0.033615112 0.10810665
4.0 0.7155837 0.564 0.06210141 0.22234668
4.0 0.34194043 0.48482665 0.049516905 0.097333364
4.0 0.40190825 0.49315998 0.036940392 0.07512001
4.0 0.29874396 0.5223333 0.018486317 0.10567999
