2.0 0.10925926 0.71254665 0.21851853 0.3919733
2.0 0.16454107 0.6554666 0.2567794 0.32186666
2.0 0.21678743 0.61104 0.176876 0.27264002
2.0 0.25173914 0.59241337 0.19499195 0.22989334
2.0 0.2670934 0.56821334 0.12980677 0.18586662
2.0 0.30845007 0.5636 0.12347022 0.15717329
2.0 0.31654993 0.5478667 0.12578905 0.1426133
2.0 0.34944043 0.5292 0.09152172 0.12506665
2.0 0.36088568 0.51297337 0.09394525 0.14301334
3.0 0.45667067 0.5101333 0.008462134 0.06965331
2.0 0.6306079 0.63079995 0.10604672 0.2549867
2.0 0.7052496 0.563 0.14945243 0.19453335
2.0 0.600632 0.51369333 0.07322866 0.10770668
2.0 0.5251208 0.5091467 0.024782635 0.061973333
4.0 0.4274839 0.50706667 0.044484682 0.05845332
4.0 0.49332127 0.48204 0.043647356 0.052880015
