2.0 0.9463154 0.56445944 0.105735324 0.13832434
2.0 0.89433825 0.5631486 0.101176485 0.13175675
2.0 0.8259192 0.5618243 0.094616026 0.1419189
2.0 0.50611526 0.5077973 0.027785936 0.08197297
3.0 0.9806985 0.6682297 0.036968958 0.48710808
0.0 0.15546978 0.46805406 0.009256533 0.1284865
0.0 0.10795752 0.5078649 0.028872546 0.20648646
0.0 0.0777737 0.4996216 0.02968137 0.20886485
4.0 0.17926061 0.49452704 0.020171562 0.0722973
4.0 0.35223448 0.49174324 0.01345589 0.09451352
4.0 0.44838232 0.46952704 0.012614341 0.027864864
