2.0 0.5010266 0.53648 0.059218995 0.15941334
2.0 0.07443639 0.5275067 0.14887278 0.22088
3.0 0.96697664 0.7123733 0.06443641 0.52768
6.0 0.6332971 0.5124933 0.10731888 0.32296005
0.0 0.28000805 0.58731997 0.04133656 0.43789333
6.0 0.20882046 0.47985333 0.088896945 0.15538666
2.0 0.32842192 0.51390666 0.1172786 0.19864
2.0 0.34852254 0.5059467 0.10770534 0.14650665
2.0 0.3740459 0.50798666 0.10053946 0.124346666
2.0 0.40873188 0.48224 0.06350242 0.099626675
2.0 0.43516105 0.45857334 0.048776172 0.064240016
2.0 0.5760064 0.5001067 0.050257638 0.11088
2.0 0.55973834 0.4745867 0.04013688 0.10416
0.0 0.5349758 0.47417334 0.012479873 0.090320006
2.0 0.4875644 0.48501334 0.033325285 0.10069333
2.0 0.2510024 0.46829334 0.06053945 0.08522667
4.0 0.46648952 0.42231998 0.038615137 0.06677335
4.0 0.51470613 0.41956 0.015966188 0.050106663
