1.0 0.014247182 0.48490667 0.028494364 0.1328
2.0 0.38097018 0.50048 0.067093395 0.08757333
0.0 0.61669487 0.47616 0.010201273 0.07850664
2.0 0.58132046 0.46477333 0.036360696 0.08879999
2.0 0.60550725 0.47193334 0.036344618 0.068080015
2.0 0.6405596 0.46953335 0.044549078 0.060453348
6.0 0.7522061 0.45850664 0.049098197 0.083466664
2.0 0.7758212 0.4601867 0.038099878 0.05770666
2.0 0.8117633 0.45645332 0.043558758 0.06277333
4.0 0.08446055 0.4917867 0.08977455 0.061226673
4.0 0.3029388 0.48065335 0.016811598 0.08344
4.0 0.7462681 0.45010668 0.50424314 0.07232002
