3.0 0.85981476 0.56723994 0.089726314 0.39618665
0.0 0.8814372 0.5547467 0.03535425 0.29184005
0.0 0.9265298 0.5474667 0.058115914 0.29621333
5.0 0.9018558 0.60135996 0.049106326 0.16517337
3.0 0.6517351 0.5030533 0.016272137 0.12184
4.0 0.39980674 0.48066664 0.017648969 0.022346666
4.0 0.4492955 0.47650668 0.012616748 0.025119986
4.0 0.49500403 0.47789335 0.021843774 0.027893305
4.0 0.5306441 0.47789335 0.019323668 0.022346666
4.0 0.6790942 0.45149332 0.2541626 0.030666692
4.0 0.7336111 0.50984 0.1451288 0.063999996
4.0 0.95388484 0.48483998 0.08909017 0.10845331
