2.0 0.77981883 0.74304 0.31087765 0.50858665
2.0 0.2947786 0.6620933 0.12876813 0.25789335
2.0 0.58404994 0.5742267 0.07425122 0.18605335
2.0 0.36929148 0.5702933 0.07004831 0.16655996
2.0 0.4112802 0.53319997 0.03391307 0.092373304
3.0 0.46239132 0.5019067 0.007101422 0.057626657
3.0 0.4712963 0.49905333 0.0067150025 0.05437333
2.0 0.43030593 0.51892 0.024251167 0.05794665
2.0 0.5149638 0.49600002 0.015209334 0.041439977
2.0 0.53913045 0.51892 0.036811557 0.10098665
4.0 0.49542272 0.49177334 0.0059017455 0.055653334
