2.0 0.10801933 0.63174665 0.20016102 0.23426665
2.0 0.22236715 0.5738133 0.13090178 0.17669334
2.0 0.25865138 0.55161333 0.11401771 0.15037332
2.0 0.28071657 0.5472533 0.10747181 0.12426666
2.0 0.30653784 0.5299467 0.09935588 0.12874667
2.0 0.32800725 0.53257334 0.07941224 0.1024267
2.0 0.34811997 0.52012 0.05751208 0.09005332
2.0 0.36541063 0.52030665 0.060467016 0.070319995
2.0 0.37482285 0.50329334 0.052673113 0.07896001
2.0 0.38627216 0.5033466 0.052737508 0.07069332
2.0 0.39385265 0.50090665 0.04989531 0.06389332
4.0 0.7944927 0.47650665 0.40779382 0.09733333
4.0 0.43587357 0.49177334 0.03274559 0.050106663
4.0 0.50338566 0.48622665 0.0151288165 0.03901332
4.0 0.52226245 0.47512 0.017648969 0.027893338
