2.0 0.94197667 0.78376 0.11443637 0.42714664
2.0 0.8963647 0.6834933 0.20566022 0.41893333
2.0 0.7288124 0.561 0.18425924 0.22776005
5.0 0.1711554 0.6748933 0.15564412 0.23106667
2.0 0.16843398 0.54808 0.23464572 0.3757867
2.0 0.2204992 0.57665336 0.15281804 0.1947467
6.0 0.5564211 0.48629335 0.060442835 0.19669335
2.0 0.31496376 0.5430266 0.12678744 0.13688003
2.0 0.3576087 0.5155867 0.10088567 0.13656
6.0 0.5256602 0.47805333 0.03331725 0.124000005
6.0 0.4286675 0.47070667 0.054082144 0.08786665
4.0 0.48829305 0.47232002 0.041964576 0.033440012
