2.0 0.6294606 0.48999998 0.11326894 0.1336
2.0 0.947182 0.42841333 0.10402571 0.10648002
2.0 0.98272544 0.42061335 0.03293882 0.12448001
2.0 0.83258057 0.4298 0.075064436 0.077039994
2.0 0.81732684 0.43128 0.07299514 0.072906695
2.0 0.42483494 0.51247996 0.033599038 0.08970666
2.0 0.47813606 0.48321337 0.02261675 0.058320012
2.0 0.7184581 0.43547997 0.033341363 0.06776003
2.0 0.74564815 0.43570668 0.036900155 0.062240023
2.0 0.5443479 0.47318667 0.02460548 0.056133337
4.0 0.4534823 0.4876 0.026030632 0.06954666
4.0 0.5168116 0.47372 0.028550738 0.04733334
