6.0 0.06571659 0.5227867 0.118212566 0.16717331
5.0 0.14659421 0.52235997 0.05048309 0.105680026
2.0 0.24097021 0.5320667 0.060636066 0.08456002
6.0 0.24238726 0.49917334 0.05073268 0.08277334
5.0 0.2720612 0.50104 0.021658625 0.056853328
2.0 0.36469808 0.49813333 0.023051534 0.048906665
2.0 0.33675522 0.50308 0.029645737 0.04733334
4.0 0.39142507 0.49316 0.019323668 0.04178667
4.0 0.41407004 0.48898667 0.01429149 0.033439975
4.0 0.45893314 0.48482665 0.0067391624 0.025119986
4.0 0.60403377 0.48345333 0.08893717 0.04455999
4.0 0.49206525 0.48065335 0.014291446 0.016773326
