2.0 0.06676329 0.6357067 0.13352658 0.41109332
2.0 0.1640177 0.6206666 0.29186797 0.30506662
6.0 0.2027013 0.48365334 0.29583734 0.45706668
2.0 0.6831844 0.6904 0.18826893 0.3873067
2.0 0.75939614 0.58613336 0.161723 0.20757334
2.0 0.69024956 0.55880004 0.15801929 0.16432002
2.0 0.30985504 0.53293335 0.13035427 0.15285335
2.0 0.52070045 0.49317333 0.020772979 0.050826687
2.0 0.41423106 0.48819998 0.056223825 0.06861336
2.0 0.5828905 0.5082 0.06367148 0.07959999
2.0 0.37357488 0.5178934 0.087552324 0.10789333
2.0 0.6254952 0.51662666 0.080233485 0.11058664
4.0 0.46300724 0.4728267 0.05738322 0.052639995
4.0 0.5050966 0.47489333 0.018921081 0.02845335
