2.0 0.4951731 0.5510933 0.042971022 0.11738665
2.0 0.26925522 0.62269336 0.16802737 0.26736
2.0 0.31640097 0.58599997 0.12700483 0.21439998
2.0 0.36299115 0.55113333 0.090619974 0.13223995
6.0 0.39369965 0.49381334 0.101167455 0.18703999
0.0 0.6537842 0.58784 0.03542673 0.24085334
2.0 0.9196094 0.62659997 0.1591707 0.32290664
6.0 0.52665865 0.49401334 0.02483091 0.08050667
2.0 0.49159423 0.5160267 0.026779402 0.08090667
6.0 0.41648552 0.51005334 0.07359904 0.10538667
2.0 0.10495572 0.53110665 0.12010468 0.15629332
2.0 0.1847665 0.52782667 0.071030594 0.09506668
0.0 0.20994364 0.5018667 0.013687588 0.11461333
0.0 0.24995974 0.50145334 0.009130432 0.077039994
1.0 0.31969002 0.48482665 0.054822855 0.12549332
4.0 0.8086796 0.51678663 0.058743976 0.04455999
4.0 0.07004831 0.6251067 0.14009662 0.3112267
