2.0 0.10989935 0.71985334 0.2197987 0.46008
2.0 0.1294203 0.65249336 0.24296296 0.36210662
2.0 0.18827294 0.61496 0.25058776 0.29013333
2.0 0.22034623 0.5819067 0.1606119 0.22514667
2.0 0.2747585 0.58121336 0.14850242 0.18647997
2.0 0.28859904 0.56509334 0.14687602 0.16522662
2.0 0.32997182 0.52955997 0.104243144 0.14098665
2.0 0.3446538 0.51837337 0.10549114 0.15957332
3.0 0.45100644 0.5142933 0.009500776 0.07712
2.0 0.67487115 0.6835333 0.15317227 0.3478667
2.0 0.7463325 0.5803333 0.18435583 0.2352267
2.0 0.6691908 0.56104 0.11055556 0.15157332
2.0 0.61637676 0.53512 0.09677937 0.105440006
2.0 0.61037844 0.52252 0.08085346 0.118426695
2.0 0.38834944 0.51790667 0.07256038 0.080079995
2.0 0.4018599 0.5194 0.062946886 0.074159995
2.0 0.5255153 0.51244 0.026634444 0.06632001
4.0 0.4652254 0.48205334 0.027713368 0.03621333
4.0 0.48870772 0.48482665 0.01429149 0.025119986
4.0 0.50464576 0.489 0.020998409 0.07234665
