2.0 0.915463 0.70949334 0.16746375 0.47648
2.0 0.75432765 0.58160007 0.23055553 0.44378668
5.0 0.6201167 0.6720667 0.2674799 0.2272267
2.0 0.5589614 0.5808 0.17533012 0.22373332
2.0 0.47331318 0.57100004 0.11392112 0.15688
5.0 0.49219003 0.5843867 0.10471821 0.16813336
5.0 0.57575685 0.49326664 0.04801932 0.12978666
2.0 0.23986313 0.5791467 0.07220613 0.12282668
2.0 0.1443599 0.59082663 0.050652176 0.13050665
1.0 0.13096216 0.5188133 0.06395331 0.22984001
4.0 0.061392915 0.53484 0.1073913 0.07512004
