2.0 0.49737117 0.53149337 0.042987097 0.11573335
2.0 0.19887681 0.64334667 0.15061995 0.28344002
2.0 0.26252818 0.58816 0.13975845 0.2360533
2.0 0.33027777 0.54604 0.09458133 0.13064
2.0 0.43019322 0.55329335 0.053462166 0.12823997
2.0 0.4468277 0.5322933 0.04322061 0.111466646
2.0 0.38544688 0.5127467 0.07416264 0.09866667
2.0 0.6268317 0.61560005 0.10623995 0.24384001
1.0 0.59021336 0.44504 0.096159436 0.34005335
0.0 0.66314816 0.54213333 0.017713364 0.20053332
2.0 0.53782606 0.50512 0.02956522 0.08101334
1.0 0.52004427 0.45094666 0.030587787 0.12893333
2.0 0.49149355 0.50729334 0.02815619 0.08509333
2.0 0.19766505 0.52490664 0.06856682 0.102026634
4.0 0.4455153 0.4654 0.030225435 0.04178667
