2.0 0.4680016 0.5216755 0.032925062 0.09909572
2.0 0.12805802 0.74755317 0.25611603 0.49957445
2.0 0.28366238 0.65045214 0.13356164 0.27973408
2.0 0.098771155 0.644468 0.19754231 0.27808508
2.0 0.05113618 0.5981516 0.10227236 0.19172876
2.0 0.21579373 0.5735904 0.09690572 0.16558512
6.0 0.30937952 0.5030585 0.077179685 0.20750001
2.0 0.18703061 0.5542287 0.08474617 0.12345747
2.0 0.33987913 0.52699465 0.041982286 0.08739363
5.0 0.4172361 0.49676862 0.03474617 0.113803186
5.0 0.39364624 0.49437502 0.05946012 0.19784577
1.0 0.43241736 0.45942816 0.025721187 0.12715425
2.0 0.26092666 0.5256915 0.05002417 0.09218083
