2.0 0.13349436 0.76172 0.26698872 0.47122666
2.0 0.95825285 0.559 0.08188402 0.31672
2.0 0.88280195 0.53264004 0.13260868 0.25840002
2.0 0.8218438 0.52452 0.12285024 0.20215999
2.0 0.7763245 0.51208 0.11501607 0.17898665
2.0 0.744529 0.51336 0.10995974 0.1407467
2.0 0.65514493 0.61966664 0.13264088 0.31864
2.0 0.6044243 0.56777334 0.07256844 0.17016003
2.0 0.36561188 0.5783067 0.09924314 0.21480002
6.0 0.40496376 0.52789336 0.073663436 0.1955733
2.0 0.64957726 0.47766665 0.07852659 0.11234669
2.0 0.44158214 0.51676 0.039653778 0.10130668
2.0 0.48080516 0.49070665 0.051948503 0.062319994
1.0 0.52489936 0.44349334 0.05081322 0.17599998
