2.0 0.47863126 0.5456 0.046457335 0.12538664
2.0 0.18849437 0.75946665 0.3227697 0.4757333
2.0 0.32712963 0.66609335 0.13665862 0.30765334
2.0 0.2171256 0.63052 0.14072463 0.24205334
2.0 0.32734704 0.5484 0.086594194 0.12522666
2.0 0.34750402 0.53392 0.08046697 0.122506686
2.0 0.3727979 0.52288 0.057962984 0.08282665
2.0 0.4378623 0.51624 0.03379227 0.07930664
2.0 0.39763686 0.50281334 0.055386476 0.07101332
2.0 0.75087357 0.72706664 0.24828498 0.54053336
2.0 0.543756 0.53775996 0.046336584 0.11498666
1.0 0.5368639 0.44956 0.05409822 0.20850666
0.0 0.5901368 0.50586665 0.009130432 0.11626666
2.0 0.1304388 0.5507867 0.098140106 0.11677337
2.0 0.48263288 0.51472 0.029227074 0.08837332
