2.0 0.45717394 0.54077333 0.038550742 0.10154666
2.0 0.15002415 0.78085333 0.3000483 0.43296
2.0 0.08896538 0.7308933 0.17793076 0.46834663
5.0 0.3308293 0.64702666 0.069645725 0.19373335
5.0 0.3991707 0.5616933 0.027922675 0.10840004
2.0 0.2798913 0.57937336 0.12205315 0.15736
2.0 0.3217794 0.55635995 0.090257645 0.14487998
2.0 0.36118358 0.5396933 0.07724637 0.099973336
2.0 0.38299116 0.53576 0.05744766 0.086933374
6.0 0.39454105 0.50709337 0.059355874 0.09557332
2.0 0.6065217 0.63258666 0.11220614 0.27008003
2.0 0.5752093 0.59064 0.06400967 0.17423998
2.0 0.54648143 0.55964 0.05714975 0.13890664
1.0 0.52446055 0.46114665 0.056312423 0.24181332
2.0 0.1844042 0.55086666 0.072431564 0.10552001
2.0 0.46712962 0.5227467 0.02880033 0.08213336
