2.0 0.47694042 0.55013335 0.047278587 0.12821338
2.0 0.05676731 0.7606 0.11353462 0.47346666
2.0 0.17712158 0.7930133 0.35424316 0.40863997
2.0 0.32772946 0.67705333 0.1343478 0.33757332
2.0 0.3710467 0.6116933 0.08632851 0.20514666
2.0 0.28105876 0.59334666 0.10912239 0.1733067
2.0 0.43613523 0.51712 0.028325263 0.06965334
2.0 0.81188 0.7718533 0.37462962 0.45095998
2.0 0.62825286 0.6276 0.12046701 0.30293337
2.0 0.528281 0.5371867 0.03981481 0.097039975
1.0 0.5232488 0.45004 0.047882445 0.18231998
0.0 0.5685064 0.50350666 0.0075120926 0.10055999
2.0 0.17600241 0.54008 0.076384865 0.09792001
2.0 0.47604266 0.52456 0.029669898 0.08976
2.0 0.045237523 0.58522666 0.090475045 0.15333329
4.0 0.38261274 0.5042667 0.083905 0.063999996
