6.0 0.58177537 0.56328 0.08090982 0.29136
2.0 0.32681158 0.60752004 0.12690821 0.20885335
2.0 0.2299074 0.5769734 0.14952496 0.2621067
2.0 0.49147743 0.5331866 0.053132057 0.13442662
2.0 0.84566426 0.56666666 0.15110306 0.22576001
2.0 0.62780195 0.49162668 0.03716587 0.10847998
6.0 0.6688124 0.45706668 0.043727875 0.13530667
2.0 0.92560387 0.553 0.14718191 0.24210668
2.0 0.9791505 0.5605067 0.040088564 0.17685334
1.0 0.617496 0.43424 0.043172292 0.18976
5.0 0.13406199 0.64450663 0.22111915 0.15898664
2.0 0.079702094 0.6121467 0.15940419 0.19432
2.0 0.018494364 0.60308 0.036988728 0.14034666
5.0 0.029174719 0.6152267 0.058349438 0.15365331
5.0 0.080108695 0.54333335 0.0565942 0.12805335
