2.0 0.4773892 0.51222074 0.032215934 0.09694151
2.0 0.06701853 0.76992023 0.13403706 0.45484042
2.0 0.081172444 0.6579787 0.16234489 0.29914898
2.0 0.28446817 0.6288032 0.12954876 0.24186172
2.0 0.24111201 0.5605718 0.08678486 0.14694145
2.0 0.3419017 0.55410904 0.07252216 0.15066488
5.0 0.3957534 0.50240695 0.047123294 0.15986705
6.0 0.40813863 0.49005318 0.04557614 0.14808509
2.0 0.4261402 0.49905586 0.026398068 0.07406916
6.0 0.44206688 0.47727394 0.018702643 0.06981383
2.0 0.01739726 0.6013697 0.03479452 0.23257974
