2.0 0.5750684 0.55918664 0.065579735 0.16408004
2.0 0.09820048 0.80436 0.19640096 0.3859467
2.0 0.8606482 0.55052 0.25214976 0.23591998
2.0 0.78943235 0.4973733 0.18715777 0.24226663
5.0 0.312657 0.60429335 0.058389686 0.100426674
2.0 0.345 0.56072 0.06083736 0.14053334
2.0 0.22227053 0.65011996 0.13455717 0.24637331
2.0 0.7028502 0.5037466 0.12763287 0.14861335
2.0 0.39051527 0.5328 0.038067635 0.08837332
2.0 0.94476247 0.45232004 0.10886474 0.12272
2.0 0.90423113 0.44116 0.11029788 0.09938669
6.0 0.99248797 0.43269333 0.013413838 0.17306665
4.0 0.43000004 0.51121336 0.057906605 0.077893324
4.0 0.4920652 0.47790667 0.012616748 0.03901332
4.0 0.5155515 0.48761335 0.026030585 0.052880015
4.0 0.5994243 0.46956 0.042809986 0.077893324
