2.0 0.25899357 0.74006665 0.24929146 0.51453334
2.0 0.8195853 0.7502267 0.35921896 0.4942133
2.0 0.62576085 0.6715067 0.13612725 0.33842662
2.0 0.35948873 0.62170666 0.09646539 0.27605334
2.0 0.39044285 0.5794 0.07201288 0.17661336
2.0 0.57462156 0.57576 0.07566829 0.1901333
2.0 0.54518116 0.5471867 0.054017704 0.1400267
2.0 0.4331562 0.5241066 0.03552337 0.09711998
2.0 0.44879228 0.50306666 0.030740738 0.10133334
2.0 0.461876 0.50188 0.027987162 0.08359998
4.0 0.50045085 0.4903867 0.03777781 0.04733334
