0.0 0.78126806 0.548 0.04482283 0.35376
3.0 0.15794685 0.7407466 0.15322062 0.5131733
3.0 0.32510465 0.59926665 0.04655393 0.2958667
2.0 0.66508454 0.6353467 0.1526973 0.3634933
2.0 0.59539855 0.55712 0.09012077 0.25589338
2.0 0.5667552 0.52628 0.06394527 0.19256003
2.0 0.5518478 0.51821333 0.043228693 0.12975995
0.0 0.5141063 0.47630668 0.011803536 0.09069334
0.0 0.51966184 0.47888 0.009661856 0.087786674
2.0 0.4373671 0.4797733 0.021449272 0.071813345
0.0 0.47867957 0.47596 0.008051509 0.061093364
2.0 0.38469404 0.52361333 0.04278585 0.10477335
2.0 0.10397343 0.7689333 0.20794687 0.45679998
2.0 0.22537036 0.65988 0.16186795 0.30791998
2.0 0.3049517 0.59064 0.10000002 0.20703997
2.0 0.34882447 0.5457867 0.06771337 0.15578665
