0.0 0.3113328 0.7092647 0.07652664 0.57612294
0.0 0.3218336 0.72211224 0.053554125 0.5464706
0.0 0.21342084 0.7318182 0.057326328 0.5266845
0.0 0.15325122 0.6698931 0.060961235 0.40775397
0.0 0.3721971 0.63235295 0.03688206 0.40459895
0.0 0.21917208 0.68574864 0.047084015 0.41171125
0.0 0.320622 0.64100266 0.05810985 0.38863638
2.0 0.32162356 0.5977139 0.10550887 0.23745993
3.0 0.39959207 0.52371657 0.021882102 0.15941174
0.0 0.53920436 0.5104813 0.018020993 0.1532086
0.0 0.43927303 0.51631016 0.010306949 0.12101606
0.0 0.44853392 0.51431817 0.011672066 0.12574866
4.0 0.41947094 0.49316844 0.010105042 0.06954547
