2.0 0.9271095 0.6275734 0.14417067 0.73952
2.0 0.28544685 0.61995995 0.11917071 0.25848
2.0 0.2565177 0.7383333 0.2818921 0.518
2.0 0.7653382 0.45730665 0.14347826 0.17221332
2.0 0.85530996 0.44284 0.07089379 0.115333356
6.0 0.9640579 0.42077333 0.07027372 0.13551998
2.0 0.894839 0.4443867 0.080772944 0.10472001
2.0 0.38016906 0.55009335 0.05322061 0.11581332
2.0 0.34696457 0.5776133 0.079307556 0.1695733
2.0 0.56368357 0.50813335 0.04218197 0.097440004
2.0 0.40083736 0.5317067 0.039516903 0.09840001
2.0 0.50536233 0.51492 0.028872808 0.07378667
2.0 0.5734179 0.5050267 0.07115137 0.083066665
2.0 0.48746377 0.48062664 0.032624833 0.04168003
4.0 0.4283253 0.51678663 0.027713368 0.08344
