0.0 0.4933764 0.50522727 0.021001633 0.15082884
0.0 0.50797254 0.5043717 0.020193826 0.16387701
0.0 0.08299676 0.6957754 0.104733445 0.6031016
0.0 0.16425687 0.5843717 0.033392567 0.3019519
0.0 0.20284331 0.6093984 0.039305337 0.37890372
0.0 0.65629244 0.5914038 0.047657512 0.41494656
0.0 0.88531905 0.64215237 0.10608237 0.6147861
0.0 0.29877222 0.52709895 0.019386109 0.17901066
0.0 0.4233562 0.5035829 0.014806157 0.15978609
2.0 0.33767772 0.5139974 0.1042084 0.26735297
6.0 0.3849879 0.50076205 0.059378035 0.18548128
4.0 0.60157514 0.5737166 0.045347303 0.19732621
