3.0 0.21847422 0.6010133 0.07453301 0.34837335
3.0 0.25740743 0.57482666 0.05877615 0.26720002
6.0 0.41100648 0.49375996 0.080305964 0.19765332
8.0 0.017427538 0.61986667 0.034855075 0.21791999
0.0 0.975455 0.8161467 0.047479812 0.36237335
8.0 0.16952093 0.57824 0.040764898 0.15509333
3.0 0.51684785 0.52224004 0.033937182 0.13349332
0.0 0.7741224 0.52801335 0.019838968 0.17650665
0.0 0.72556764 0.5210133 0.018429983 0.16112001
8.0 0.66931164 0.5295733 0.03446856 0.11402668
8.0 0.66204506 0.5299733 0.035330135 0.10143999
2.0 0.3439855 0.51029336 0.064847015 0.07349331
4.0 0.90768117 0.6501066 0.09732691 0.33898664
4.0 0.6275121 0.47510666 0.011771338 0.055653334
