0.0 0.8051534 0.62921125 0.06676892 0.5468717
0.0 0.508752 0.60429144 0.041736647 0.35195187
0.0 0.051918417 0.6647059 0.068925686 0.46240643
0.0 0.3214055 0.63315505 0.047657512 0.42673793
0.0 0.707088 0.6075 0.05869952 0.5188502
3.0 0.3851131 0.62167114 0.05138933 0.33938503
8.0 0.33296448 0.6394786 0.046058156 0.22735296
0.0 0.4575 0.5288235 0.01508077 0.15673797
0.0 0.47983843 0.5169385 0.014539583 0.15008023
0.0 0.43093294 0.5215508 0.015613919 0.14855613
4.0 0.23275444 0.62371653 0.116672054 0.1917647
