0.0 0.994223 0.6438266 0.0099436445 0.7070133
3.0 0.26005235 0.5783333 0.058784213 0.29704
3.0 0.2880958 0.5556666 0.048252832 0.23437333
6.0 0.41823667 0.48937336 0.07524958 0.18728001
8.0 0.02034219 0.61517334 0.04068438 0.20997334
8.0 0.05157407 0.6038933 0.06574074 0.19445331
0.0 0.046256036 0.58353335 0.02974235 0.26141334
0.0 0.868434 0.79199994 0.09306762 0.41066667
0.0 0.91642916 0.79293334 0.097109474 0.40879998
8.0 0.19516504 0.56498665 0.037157807 0.14389332
3.0 0.5125805 0.51968 0.03388886 0.12960002
0.0 0.7595612 0.52330667 0.01860714 0.16511996
8.0 0.662649 0.52330667 0.032495998 0.108
8.0 0.6563567 0.5228533 0.03345408 0.09642666
2.0 0.3528301 0.50490665 0.06252014 0.07109332
4.0 0.71306765 0.514 0.016811598 0.13898662
4.0 0.916103 0.7306667 0.16457322 0.5223467
4.0 0.5650282 0.46817333 0.0059017907 0.047333308
