2.0 0.86690414 0.74608 0.26458132 0.5025067
2.0 0.097306766 0.7767867 0.19461353 0.4410933
2.0 0.3731441 0.55188 0.042085353 0.09741337
2.0 0.5407045 0.51341337 0.03522546 0.09056
2.0 0.39105475 0.5390533 0.036231883 0.079226695
2.0 0.41108295 0.51928 0.028913043 0.07925333
2.0 0.09970611 0.58453333 0.06723832 0.08282665
2.0 0.13744767 0.5801333 0.060434785 0.08069331
2.0 0.17165862 0.57222664 0.0641546 0.08728
2.0 0.21195248 0.57224 0.056256045 0.086880006
4.0 0.51261675 0.49732 0.040289834 0.050106663
4.0 0.66819245 0.4556667 0.022681145 0.04455999
4.0 0.4534823 0.49315998 0.044484682 0.04733334
4.0 0.4878744 0.47789335 0.010934012 0.033440012
