6.0 0.799066 0.49866667 0.2883253 0.99733335
2.0 0.6590701 0.59625334 0.15535428 0.40440002
2.0 0.5988809 0.5636667 0.08892109 0.21160004
2.0 0.5415821 0.5290667 0.052842185 0.121866666
2.0 0.03989533 0.6076933 0.07979066 0.17485332
5.0 0.14905395 0.60065335 0.03760869 0.14562668
3.0 0.39479873 0.5194 0.013188408 0.108773336
2.0 0.36549115 0.54338664 0.039452508 0.10389332
2.0 0.50891304 0.5155867 0.045942035 0.11000003
2.0 0.47217393 0.50674665 0.031223843 0.06901332
3.0 0.4108897 0.51192 0.012568474 0.09909333
4.0 0.44383657 0.49593332 0.035257656 0.052880015
