2.0 0.89485914 0.78596 0.20867148 0.42274666
2.0 0.7826207 0.74568 0.25390497 0.47045335
2.0 0.6333575 0.59478664 0.119146526 0.27458665
2.0 0.40313202 0.53536 0.056167465 0.18272002
8.0 0.58102655 0.5941067 0.03664253 0.24383998
2.0 0.29648954 0.68347996 0.14479871 0.33735996
2.0 0.12622786 0.7840533 0.2524557 0.42655998
2.0 0.56172705 0.5376933 0.047608692 0.111813344
2.0 0.58594203 0.5503067 0.05933975 0.14733331
2.0 0.44506845 0.5029734 0.023647353 0.070586644
4.0 0.50925523 0.49872 0.08557974 0.097333364
