0.0 0.643021 0.71402407 0.0706947 0.56660426
0.0 0.70410746 0.7024866 0.0639984 0.5896791
0.0 0.21420436 0.70721924 0.07307755 0.5621925
0.0 0.67678106 0.5663503 0.02752018 0.22697857
0.0 0.74846524 0.5260695 0.016510464 0.17925136
0.0 0.8471123 0.62437165 0.047213238 0.38933155
2.0 0.4627706 0.51438504 0.04332797 0.12909095
6.0 0.5111995 0.49558824 0.020557359 0.07566847
4.0 0.34310177 0.57231283 0.02688208 0.2112032
4.0 0.41192245 0.5362166 0.015137355 0.1223262
4.0 0.89177305 0.5354679 0.03863489 0.17580216
4.0 0.59611875 0.5278877 0.021009717 0.09454547
