3.0 0.8588153 0.50583786 0.085800625 0.27021626
0.0 0.79888886 0.48416215 0.02124187 0.17394598
0.0 0.23225898 0.68336487 0.09177288 0.62786484
0.0 0.117638886 0.6719189 0.090147056 0.6507567
0.0 0.1991544 0.64840543 0.09531864 0.69778377
0.0 0.6276675 0.54032433 0.020972207 0.23951353
3.0 0.7970711 0.50718915 0.0735866 0.21048649
0.0 0.87714875 0.5299054 0.035408475 0.29759458
0.0 0.89704657 0.52610815 0.03703435 0.35335135
0.0 0.88343954 0.54494596 0.026143756 0.2821622
6.0 0.4923856 0.4572703 0.015408516 0.057567563
4.0 0.4626593 0.45701355 0.010939507 0.03618918
