0.0 0.8785185 0.58071995 0.060386475 0.56394666
0.0 0.9395129 0.5804267 0.06789853 0.57674664
2.0 0.9863123 0.78464 0.02576492 0.42538664
2.0 0.038063608 0.6116667 0.076127216 0.10973334
2.0 0.7178301 0.5024 0.08937999 0.108480014
1.0 0.6550201 0.4018 0.16218194 0.22061332
2.0 0.8373148 0.4904267 0.12884867 0.124853335
2.0 0.25613123 0.54466665 0.054935593 0.09045335
6.0 0.19483493 0.56464 0.12747987 0.15717337
4.0 0.092004836 0.5667867 0.04951691 0.08344
4.0 0.29539454 0.52511996 0.058743954 0.06677331
