0.0 0.123925686 0.65398395 0.056009702 0.45727274
0.0 0.43437803 0.6104946 0.03311793 0.24425133
0.0 0.6949798 0.5595187 0.02126821 0.21299465
0.0 0.35576737 0.58979946 0.017770585 0.24922456
0.0 0.42672858 0.5627139 0.021534737 0.20216574
0.0 0.643332 0.52754015 0.02369145 0.19684495
0.0 0.4973061 0.531377 0.015888533 0.15836899
0.0 0.48033524 0.52195185 0.011849767 0.123529434
6.0 0.8325929 0.4986631 0.33319873 0.9973262
4.0 0.54576737 0.5070588 0.0747173 0.10844918
4.0 0.46058965 0.52510697 0.026882036 0.13898394
