2.0 0.49481463 0.5750133 0.07062853 0.21226065
2.0 0.25439563 0.6477527 0.14734085 0.2746543
2.0 0.18890412 0.5902792 0.12981467 0.20146275
2.0 0.35914585 0.56170213 0.0754714 0.15404251
5.0 0.4007655 0.4582181 0.0780822 0.2531383
5.0 0.44665995 0.4594548 0.02721196 0.121303186
2.0 0.055834003 0.5921542 0.111668006 0.19670211
2.0 0.23902902 0.53457445 0.06642226 0.09904255
6.0 0.29207897 0.5023803 0.051796935 0.10747341
2.0 0.5358501 0.51090425 0.024883179 0.048617024
4.0 0.58335614 0.5098404 0.02360194 0.03622341
