2.0 0.2598913 0.6528 0.15102255 0.28624004
2.0 0.972653 0.75857335 0.05308369 0.47752
2.0 0.8338285 0.7473733 0.30015296 0.49991998
2.0 0.3396216 0.5848933 0.08966185 0.17778666
2.0 0.67350245 0.61608 0.12276972 0.26314667
2.0 0.37677538 0.55796003 0.06860708 0.13010669
2.0 0.6174718 0.5668667 0.08246376 0.18269335
2.0 0.43380028 0.51524 0.030595824 0.07538666
2.0 0.59199274 0.54316 0.05506443 0.13741334
2.0 0.57969004 0.5254267 0.041280203 0.10946666
4.0 0.48493558 0.48065332 0.07048307 0.050106663
4.0 0.53694046 0.48483998 0.016811598 0.04733334
