2.0 0.56544685 0.4842933 0.015418689 0.04415999
1.0 0.09975845 0.47364002 0.1995169 0.5753333
2.0 0.579839 0.49866667 0.035104662 0.08746665
2.0 0.49867147 0.5123733 0.05220613 0.102506675
2.0 0.34430355 0.53438663 0.04640098 0.09090666
2.0 0.4230475 0.5110267 0.024549121 0.05885332
7.0 0.50384456 0.46098667 0.0502496 0.082719974
4.0 0.27064815 0.50428003 0.084742345 0.11954665
4.0 0.39477858 0.48066667 0.026030585 0.072319984
4.0 0.44636074 0.48901334 0.018486341 0.06122664
4.0 0.54783815 0.47510666 0.011779422 0.04455999
4.0 0.6065459 0.47510666 0.011771338 0.050106697
4.0 0.7189332 0.44176 0.17615946 0.072319984
4.0 0.9148631 0.44317335 0.16708538 0.06954666
