2.0 0.11764492 0.7928667 0.23528984 0.4089333
2.0 0.6679308 0.67650664 0.16019326 0.3685867
2.0 0.30878422 0.6152533 0.12120774 0.26096
2.0 0.39125606 0.5466266 0.046682768 0.11810667
3.0 0.4562923 0.50494665 0.009074075 0.07186665
3.0 0.4660467 0.5024 0.008486339 0.06741333
2.0 0.4213849 0.52253336 0.029291471 0.06805335
2.0 0.51930755 0.49580002 0.016940389 0.046159983
2.0 0.5549034 0.5327733 0.049275354 0.13263996
4.0 0.12723029 0.5389867 0.09816425 0.13344002
4.0 0.5008696 0.48482665 0.011771338 0.0695467
