2.0 0.5510427 0.5222933 0.034694083 0.08528001
6.0 0.38917878 0.50708 0.098115966 0.13000001
2.0 0.38196054 0.52962667 0.09661029 0.10240003
2.0 0.3473631 0.54624 0.1187198 0.12624002
2.0 0.33818436 0.5489333 0.12902576 0.14618666
2.0 0.32338968 0.56673336 0.13439615 0.16120002
2.0 0.28722626 0.5773734 0.14727052 0.19240001
2.0 0.15286633 0.6301733 0.21838969 0.28498667
2.0 0.117673114 0.69267994 0.23534623 0.35197333
1.0 0.5350201 0.48518667 0.034710158 0.09832001
4.0 0.47695652 0.47844002 0.071320444 0.09981333
