2.0 0.49644122 0.5086133 0.022125607 0.07194666
3.0 0.8194847 0.6579733 0.22196457 0.67872
0.0 0.714372 0.66462666 0.04078906 0.47128
0.0 0.6447504 0.6252533 0.031400952 0.34186667
2.0 0.04087359 0.69453335 0.08174718 0.2595733
2.0 0.3239251 0.5502267 0.046529792 0.086053334
3.0 0.718438 0.60315996 0.12752011 0.45597333
4.0 0.008405797 0.5015067 0.016811594 0.08621331
4.0 0.017210145 0.89873326 0.03442029 0.14733335
4.0 0.11464976 0.57093334 0.05622383 0.13066663
4.0 0.42622384 0.49733332 0.052028973 0.061226673
