2.0 0.13905796 0.76812 0.27811593 0.45842665
2.0 0.32488728 0.68012 0.13998388 0.33933336
6.0 0.3953945 0.5234 0.08251206 0.26973337
2.0 0.04339372 0.7986533 0.08678744 0.39736
2.0 0.7620532 0.6252666 0.32415453 0.4030133
2.0 0.6579791 0.57269335 0.19465378 0.21957333
2.0 0.24347423 0.65786666 0.12735103 0.2604267
2.0 0.5729348 0.52293336 0.11070052 0.15183997
6.0 0.43655795 0.5110667 0.046835717 0.13712004
5.0 0.97152174 0.7466134 0.055346172 0.50144
2.0 0.52089375 0.51081336 0.027149746 0.079386644
0.0 0.4615177 0.48659998 0.006175495 0.050426655
0.0 0.46458536 0.48574665 0.0059017907 0.048933335
