2.0 0.46336555 0.53692 0.037874404 0.10253334
2.0 0.16261676 0.79006666 0.32523352 0.41453335
2.0 0.3150805 0.71496 0.17993562 0.41333333
2.0 0.23753622 0.59668 0.15392916 0.23607996
5.0 0.37738326 0.59105337 0.042689234 0.124293365
5.0 0.4135548 0.5370533 0.020539466 0.083653316
2.0 0.32862723 0.54525334 0.09454911 0.11466666
2.0 0.35425523 0.53084 0.07260066 0.110373326
2.0 0.38200077 0.52216 0.06442029 0.08053333
2.0 0.3979509 0.5178133 0.04833333 0.071573325
6.0 0.4060427 0.49792 0.051537853 0.081813335
1.0 0.7820853 0.49866667 0.33916268 0.99733335
2.0 0.56188405 0.5638 0.06479872 0.16573334
2.0 0.5313406 0.53117335 0.04150563 0.10368
1.0 0.5169404 0.46024004 0.047697295 0.19669332
2.0 0.123997584 0.5539733 0.10155394 0.124853306
2.0 0.4640097 0.51608 0.027810005 0.081066675
