0.0 0.9142529 0.6379813 0.16987891 0.7186898
0.0 0.9067568 0.59903747 0.08957191 0.68925136
8.0 0.272811 0.74057484 0.09342489 0.34232622
8.0 0.06630453 0.8750267 0.13260905 0.24459887
0.0 0.40837237 0.5771524 0.02638935 0.2992246
0.0 0.38820675 0.5877139 0.03231017 0.28831553
0.0 0.4944426 0.5256551 0.024765786 0.20371655
0.0 0.5020194 0.49741977 0.01885296 0.14740641
0.0 0.53984654 0.5247727 0.014539583 0.19671123
0.0 0.5884572 0.4970321 0.01696287 0.16903745
2.0 0.45894995 0.48037434 0.027043615 0.068983965
0.0 0.36894995 0.5342914 0.017770609 0.19901069
0.0 0.56348145 0.5145187 0.015072687 0.17187166
4.0 0.07709209 0.7640241 0.14436187 0.46125668
4.0 0.3368134 0.6056551 0.049539566 0.27232617
