2.0 0.6489694 0.6325467 0.14541063 0.32504004
2.0 0.09452899 0.6352133 0.18905798 0.23810665
2.0 0.8751973 0.75203997 0.24799515 0.49058667
2.0 0.59382045 0.55768 0.07517715 0.19530664
2.0 0.34337762 0.5913467 0.08340579 0.18407999
2.0 0.37918276 0.54712003 0.05888085 0.15760003
2.0 0.55553544 0.5296 0.04719003 0.124906674
2.0 0.40962157 0.5289067 0.0430113 0.12170669
2.0 0.54999197 0.5127467 0.044412203 0.09530667
6.0 0.5376369 0.46797332 0.043099858 0.14975998
2.0 0.44010466 0.49998665 0.019774573 0.042266674
4.0 0.4820008 0.48343998 0.05454908 0.07232002
