6.0 0.13243559 0.6293866 0.26487118 0.7358933
2.0 0.8356441 0.74908 0.32710144 0.49650666
2.0 0.6861917 0.6397067 0.12552339 0.31589335
6.0 0.08345008 0.52264 0.16690016 0.41055998
2.0 0.67465377 0.54226667 0.09347825 0.24149333
6.0 0.49613526 0.48928002 0.032979056 0.11487998
6.0 0.72981083 0.46220002 0.14499995 0.18034665
2.0 0.3797142 0.5128933 0.040362336 0.086533345
2.0 0.33002013 0.49610668 0.048929147 0.11845333
2.0 0.60002816 0.4920133 0.04461352 0.08541335
6.0 0.5410427 0.44246668 0.02367955 0.08695997
1.0 0.5101852 0.4284 0.02315621 0.120426655
2.0 0.2415459 0.51032 0.059951693 0.088586636
4.0 0.44593802 0.47929335 0.036094982 0.07512001
