0.0 0.9043094 0.66655076 0.10007268 0.6615508
0.0 0.54822296 0.6473262 0.05177707 0.41786095
0.0 0.2215509 0.70628345 0.10378031 0.58208555
0.0 0.89636105 0.62764704 0.20566241 0.73935825
3.0 0.32158723 0.72632354 0.105161555 0.5420053
0.0 0.75832796 0.5339572 0.03998384 0.3588235
8.0 0.29611066 0.6982487 0.05994345 0.2902941
8.0 0.34885702 0.62072194 0.046114717 0.16951868
0.0 0.4022779 0.537968 0.015864281 0.15812837
0.0 0.3897577 0.54336894 0.014943486 0.14812835
0.0 0.458853 0.5433957 0.01891763 0.1665775
0.0 0.48397413 0.54 0.011663982 0.15919788
0.0 0.41997173 0.534746 0.016050067 0.15756686
4.0 0.119046845 0.6917647 0.10576736 0.35010692
4.0 0.50297254 0.53759354 0.029402278 0.18620324
