2.0 0.881558 0.71435994 0.23527372 0.56594664
2.0 0.39911833 0.55521333 0.054452486 0.12045336
2.0 0.7394484 0.69148 0.18404987 0.34994665
2.0 0.6488607 0.59166664 0.09693237 0.22023998
2.0 0.61164653 0.56412 0.061634474 0.15111998
2.0 0.42169484 0.53794664 0.044355847 0.09466668
2.0 0.5910145 0.54264003 0.047504015 0.11813331
2.0 0.4358092 0.53052 0.036288217 0.07842667
2.0 0.5767673 0.53016 0.037866365 0.09872001
2.0 0.46603057 0.51071995 0.022206124 0.055306673
4.0 0.54155 0.4904 0.03274559 0.05845332
