2.0 0.08617149 0.71305335 0.17234299 0.43448
2.0 0.16078904 0.61942667 0.22869566 0.28599998
2.0 0.20916666 0.55689335 0.20384057 0.29122669
3.0 0.4124557 0.54190665 0.018132027 0.13234663
2.0 0.9403704 0.75212 0.1176489 0.49042663
2.0 0.87593395 0.68084 0.24652173 0.37832
2.0 0.80723834 0.63359994 0.1929147 0.28986666
2.0 0.74487925 0.60668 0.20125602 0.24578667
2.0 0.6934783 0.58364 0.1709662 0.18493332
2.0 0.6712118 0.55248004 0.13504831 0.19360001
2.0 0.3313889 0.53893334 0.10871978 0.11760003
2.0 0.3535346 0.5317467 0.09080514 0.10504001
2.0 0.5274195 0.52562666 0.037592616 0.092053376
2.0 0.5100362 0.5024267 0.021811577 0.061386652
6.0 0.49369162 0.47434667 0.012826102 0.050346646
4.0 0.44929147 0.48343998 0.059581302 0.06677335
