0.0 0.7318053 0.6805882 0.086163156 0.6334759
0.0 0.8433522 0.5824198 0.058966137 0.5477272
0.0 0.9916196 0.5945321 0.015145438 0.5284225
8.0 0.11933764 0.8168583 0.14558966 0.36093584
8.0 0.18861067 0.8129278 0.10583197 0.36879677
8.0 0.3125606 0.66070855 0.06848142 0.2497059
8.0 0.21591277 0.81350267 0.10738288 0.36764702
0.0 0.4245153 0.5471524 0.019111497 0.22708559
0.0 0.40151858 0.5467246 0.0223425 0.21526742
0.0 0.47620356 0.52676475 0.01991926 0.18898395
0.0 0.4991357 0.49886364 0.013327916 0.14066847
0.0 0.5159855 0.5245455 0.014814241 0.18171123
0.0 0.5726696 0.4962032 0.016696295 0.15925135
2.0 0.45009694 0.47921124 0.024943443 0.06451873
0.0 0.3916882 0.52657753 0.033150263 0.18208559
0.0 0.5399919 0.51542777 0.0137318205 0.16278073
4.0 0.031066235 0.80149734 0.06213247 0.38620323
4.0 0.22268578 0.7014974 0.15527463 0.30844924
4.0 0.36450726 0.5848262 0.029402256 0.18066843
