0.0 0.22576086 0.49174666 0.016256038 0.12461335
2.0 0.22173913 0.47790667 0.054798715 0.13970669
2.0 0.2640016 0.48984003 0.054396152 0.10165334
2.0 0.3179388 0.48121333 0.062592596 0.086693354
6.0 0.4563486 0.46905333 0.057608694 0.10408
2.0 0.4799678 0.47037333 0.042898543 0.06928001
2.0 0.5156683 0.46665335 0.04508854 0.07234665
2.0 0.54252416 0.4728267 0.04910628 0.056213345
2.0 0.56603867 0.47454667 0.03573268 0.05634669
2.0 0.58607894 0.4726267 0.040724616 0.053146668
2.0 0.6069606 0.46845335 0.04691628 0.05477333
6.0 0.64010066 0.45650667 0.048188392 0.07477331
2.0 0.65914655 0.46170667 0.042496 0.050559998
2.0 0.6741949 0.45935997 0.0368116 0.046026673
4.0 0.2559702 0.44873333 0.29525763 0.080666676
4.0 0.723124 0.45703998 0.08222221 0.06954666
4.0 0.91819245 0.42649335 0.16037841 0.052880015
