2.0 0.50602657 0.56672 0.052922703 0.16634668
2.0 0.77062 0.6423333 0.19260865 0.38509336
2.0 0.6212117 0.55450666 0.0898309 0.15658665
2.0 0.58328104 0.53510666 0.075547494 0.10722665
2.0 0.32268518 0.5693733 0.07691626 0.15842669
2.0 0.40971017 0.52529335 0.039726257 0.08642667
2.0 0.1914211 0.5936933 0.1181079 0.16343999
2.0 0.26071256 0.55244005 0.06994363 0.14285336
2.0 0.46074882 0.50618666 0.02703703 0.050773315
2.0 0.33726248 0.52945334 0.04908212 0.08728
2.0 0.4000564 0.51801336 0.04019324 0.058906656
2.0 0.047077294 0.58766663 0.09415459 0.16808002
2.0 0.06568841 0.54730666 0.1123269 0.10837337
2.0 0.5418478 0.49162668 0.019605454 0.039999995
