2.0 0.9467933 0.5672703 0.10477938 0.13864861
2.0 0.89439136 0.56291896 0.10187086 0.1317838
2.0 0.82580066 0.5622433 0.0946895 0.14199996
2.0 0.5061805 0.5074054 0.02786768 0.08194593
0.0 0.16324346 0.47398648 0.01348039 0.1284054
0.0 0.21140115 0.50213516 0.018063728 0.17183784
3.0 0.5492606 0.5303378 0.047638893 0.243
0.0 0.20265931 0.48098645 0.01352124 0.13132432
0.0 0.3723039 0.57158107 0.029035931 0.29537842
0.0 0.4066381 0.5627838 0.057573546 0.28135136
0.0 0.44199345 0.57281077 0.038415045 0.3131892
0.0 0.65257764 0.6270946 0.051250003 0.44575676
0.0 0.6612377 0.6146351 0.056919962 0.3985676
0.0 0.48441997 0.6433243 0.047303926 0.4204865
0.0 0.51051474 0.61832434 0.04589871 0.39729732
0.0 0.550531 0.6111081 0.037483625 0.34902707
0.0 0.39414215 0.58885133 0.03245097 0.33543244
4.0 0.22922385 0.4806216 0.014297372 0.111189194
