2.0 0.4982045 0.5292 0.04135268 0.12954672
2.0 0.19155797 0.6411333 0.15100643 0.2415733
2.0 0.78230274 0.64970666 0.22119163 0.4074133
2.0 0.64574075 0.56076 0.13286635 0.19661334
2.0 0.62561595 0.54204 0.10546702 0.15981333
2.0 0.6123631 0.5201067 0.08736715 0.14400002
6.0 0.5739855 0.49449334 0.07956523 0.12925336
2.0 0.5574557 0.50041336 0.060998417 0.08104001
2.0 0.5395371 0.48889333 0.041409038 0.05586665
2.0 0.3149718 0.51743996 0.050088566 0.09557332
6.0 0.430934 0.46988 0.029742332 0.08904
2.0 0.3430475 0.5135333 0.03794686 0.07784002
2.0 0.36540258 0.51002663 0.029516924 0.05504002
2.0 0.3999879 0.49505335 0.024049895 0.04455999
2.0 0.29259259 0.50952 0.030628022 0.067040004
2.0 0.07311997 0.51896 0.034420293 0.07754666
