2.0 0.059710145 0.74008 0.11942029 0.43365332
2.0 0.14012077 0.66322666 0.26016104 0.31050667
2.0 0.22088568 0.6237467 0.20853463 0.26610664
2.0 0.2552939 0.59292 0.14942834 0.2339467
2.0 0.2806119 0.57765335 0.16990337 0.20202668
2.0 0.2885789 0.55913335 0.11487118 0.16605332
2.0 0.32530594 0.5530533 0.1110306 0.14221334
2.0 0.3314694 0.5455333 0.11477455 0.1306933
2.0 0.360471 0.5283333 0.08459743 0.116293326
2.0 0.3688446 0.51189333 0.08759258 0.13376005
3.0 0.45949683 0.50577337 0.007898558 0.06562666
2.0 0.61110705 0.60536003 0.08699676 0.21456
2.0 0.6848188 0.55444 0.13261673 0.17442666
2.0 0.59541863 0.5173467 0.068953335 0.10168
2.0 0.5244525 0.51244 0.02368759 0.059439998
4.0 0.4351329 0.51026666 0.03929951 0.08874665
4.0 0.4874758 0.4800667 0.043985505 0.055973325
