0.0 0.9047819 0.6240508 0.07014538 0.48248664
0.0 0.07666801 0.71094924 0.13349758 0.57275397
3.0 0.3139499 0.65209895 0.09017769 0.4461765
0.0 0.6835905 0.5355615 0.03679321 0.29631016
0.0 0.48482633 0.52779406 0.021106629 0.21863635
0.0 0.4027989 0.53004014 0.023546036 0.20494655
0.0 0.451349 0.51145726 0.01883684 0.18510696
0.0 0.59462845 0.4905214 0.020807765 0.20382357
4.0 0.42705572 0.51110965 0.020024208 0.1731818
4.0 0.3793982 0.5007754 0.017423244 0.0697326
4.0 0.5304402 0.48441178 0.06533927 0.14042783
