0.0 0.49551696 0.52382356 0.016348975 0.15401067
0.0 0.5064257 0.5270321 0.021882057 0.1728877
0.0 0.04260501 0.7155748 0.08521002 0.56350267
0.0 0.081211634 0.64343584 0.050468497 0.34933156
0.0 0.16956785 0.67621654 0.05839257 0.46965238
0.0 0.6757391 0.6269519 0.06230209 0.44598928
0.0 0.8739257 0.6749064 0.106542766 0.6448396
0.0 0.3080291 0.54497325 0.03145395 0.1741176
0.0 0.42930132 0.53004014 0.018150238 0.17526738
2.0 0.3438651 0.5435695 0.11008885 0.2809358
6.0 0.39345315 0.5158957 0.062092077 0.19270052
4.0 0.016264137 0.7811364 0.032528274 0.42703208
4.0 0.61846125 0.5956016 0.048667226 0.21799462
4.0 0.45075527 0.4800802 0.015339261 0.055935826
4.0 0.5530977 0.4818182 0.0127382735 0.062834226
