2.0 0.4961111 0.52244 0.03560389 0.11154669
2.0 0.8273671 0.71412 0.24515298 0.56642663
2.0 0.7236836 0.62964004 0.19252014 0.3324
2.0 0.6685508 0.57188 0.14962964 0.25656003
2.0 0.64131236 0.55789334 0.109468594 0.17968
2.0 0.6171136 0.53576 0.10524155 0.14016001
2.0 0.42906603 0.49577332 0.01792272 0.040453333
2.0 0.38150162 0.5289467 0.037351042 0.08301333
2.0 0.5747343 0.50777334 0.07217394 0.09522666
2.0 0.5537399 0.49952 0.057657015 0.07327999
6.0 0.5381441 0.48442668 0.046513695 0.070773326
2.0 0.38261274 0.49806666 0.02566022 0.056933336
2.0 0.3605153 0.49294665 0.016714958 0.04322665
4.0 0.4611715 0.46196002 0.03512882 0.06114667
