2.0 0.034641705 0.67105335 0.06928341 0.36866665
2.0 0.11219002 0.59805334 0.123462155 0.21370666
2.0 0.18911435 0.57396 0.15004832 0.18546666
2.0 0.33004025 0.52612 0.0479388 0.10946666
2.0 0.3480757 0.5178933 0.043623198 0.08976
0.0 0.26919886 0.5665333 0.017592613 0.16917332
0.0 0.2731079 0.59192 0.013011274 0.118933335
4.0 0.91401774 0.49732 0.16716585 0.2664267
4.0 0.7402134 0.45593333 0.17107087 0.111173354
4.0 0.38434783 0.49734667 0.034347806 0.054266658
4.0 0.4589573 0.48182663 0.021070888 0.043920007
4.0 0.5366948 0.4805067 0.043727875 0.062026672
4.0 0.29688004 0.5064267 0.025789056 0.07258667
