0.0 0.24473855 0.5023919 0.017156873 0.15283786
0.0 0.32952613 0.49062163 0.0130719 0.105351344
0.0 0.06621732 0.53585136 0.0375817 0.27505407
0.0 0.24270426 0.4725 0.012254897 0.108459435
2.0 0.46923202 0.4847162 0.019558815 0.049432416
2.0 0.8291217 0.55404055 0.08843958 0.13024323
2.0 0.89419526 0.55744594 0.09879903 0.12467571
2.0 0.9478881 0.55916214 0.10258993 0.12627026
0.0 0.03318219 0.53783786 0.030841501 0.25416213
0.0 0.26843137 0.47516218 0.011437915 0.11572974
0.0 0.25386846 0.4802973 0.0092565445 0.10189189
0.0 0.11890114 0.53708106 0.028325161 0.23772968
0.0 0.07548611 0.52393246 0.025057191 0.24224326
0.0 0.60167485 0.6393919 0.06127453 0.40072972
0.0 0.75329244 0.6007703 0.06454245 0.4077027
3.0 0.3883783 0.5027838 0.014779408 0.11351351
0.0 0.052826796 0.5271216 0.021241833 0.20927031
0.0 0.014272876 0.5203378 0.028545752 0.23429728
2.0 0.50619686 0.5021486 0.029468944 0.07624323
0.0 0.22974265 0.46695948 0.007900329 0.09543245
0.0 0.18415034 0.473527 0.008169935 0.118621625
0.0 0.92610294 0.5301216 0.009264719 0.09754055
4.0 0.15885213 0.47854057 0.027785948 0.105135135
4.0 0.44646245 0.46997294 0.0108006345 0.035729714
