2.0 0.07058374 0.65837336 0.14116748 0.43829337
2.0 0.318281 0.52928 0.0871256 0.11120003
3.0 0.83845013 0.51188 0.06279382 0.2436533
3.0 0.74921095 0.4979733 0.033623196 0.17338668
3.0 0.7155032 0.49934667 0.018429939 0.13421331
2.0 0.69491947 0.45412 0.019001598 0.05122665
4.0 0.45270938 0.45850664 0.024194853 0.028373344
4.0 0.48787037 0.48310667 0.016384896 0.041306667
4.0 0.64099437 0.44429332 0.07888081 0.06719998
4.0 0.9480355 0.43394667 0.03826087 0.056853328
4.0 0.7925564 0.42746666 0.025756836 0.038719993
