2.0 0.24340178 0.5666133 0.05635266 0.13893332
6.0 0.20207328 0.53304 0.056304354 0.1293867
2.0 0.03444847 0.5828933 0.06889694 0.07597334
2.0 0.6391184 0.50954664 0.03701287 0.07093334
5.0 0.70551527 0.48578668 0.01206121 0.05402667
4.0 0.118333325 0.5581333 0.06012882 0.056853294
4.0 0.73942834 0.47662666 0.0054428466 0.043919973
4.0 0.78591394 0.47016 0.04685184 0.06720001
4.0 0.83282197 0.47404 0.048413865 0.054266658
4.0 0.28825283 0.54908 0.028099855 0.085306644
4.0 0.32028985 0.5232133 0.017165866 0.049093347
4.0 0.68669885 0.48958668 0.017165866 0.043920007
