2.0 0.8443518 0.75824004 0.30968598 0.47818664
3.0 0.065044284 0.7262267 0.13008857 0.5422133
2.0 0.1127657 0.78136003 0.2255314 0.43194667
2.0 0.61958134 0.6147333 0.14644124 0.34877333
2.0 0.22430354 0.6600533 0.15456522 0.28645334
2.0 0.5095169 0.55904 0.055056345 0.13626668
2.0 0.3453301 0.55806667 0.045748778 0.10386668
2.0 0.47781 0.53944004 0.03235104 0.091466665
3.0 0.20616747 0.7394133 0.13687602 0.51584
4.0 0.4101369 0.5038133 0.014041855 0.036159992
4.0 0.4331763 0.5038133 0.017946834 0.036159992
4.0 0.38669887 0.5232133 0.023413863 0.064613305
4.0 0.45817634 0.52062666 0.02263287 0.049093347
