2.0 0.24739534 0.67956 0.2197182 0.45181337
2.0 0.88154995 0.7339867 0.2352898 0.5266933
2.0 0.7475564 0.7222 0.20496777 0.46413335
2.0 0.5049235 0.55098665 0.08677133 0.17018665
2.0 0.6804066 0.5934267 0.08071659 0.23922668
6.0 0.87896127 0.45672002 0.103252865 0.17690669
6.0 0.8031361 0.46845335 0.08825284 0.15504
2.0 0.5497947 0.49901336 0.043164253 0.09168001
2.0 0.578901 0.47978666 0.031328473 0.07178668
1.0 0.65114737 0.43065333 0.037206106 0.11208003
4.0 0.37692836 0.49214667 0.028880846 0.030960014
4.0 0.5968518 0.45982668 0.031223843 0.06461334
4.0 0.45466188 0.4805067 0.020289876 0.028373344
4.0 0.78512883 0.46238667 0.17966184 0.10600001
