2.0 0.47867447 0.51404256 0.027437529 0.082553186
2.0 0.083924256 0.6515692 0.16784851 0.3367021
5.0 0.16346495 0.79485375 0.15887187 0.3108776
2.0 0.25858983 0.67093086 0.16926673 0.32015952
2.0 0.24051571 0.5815825 0.09261885 0.13890955
2.0 0.3694037 0.56287235 0.06236903 0.13760638
2.0 0.3238477 0.5340293 0.049758274 0.108962774
2.0 0.39804596 0.53347075 0.040733293 0.092420205
2.0 0.41994357 0.5255186 0.028267542 0.06699467
5.0 0.43733683 0.49152926 0.021120071 0.077579774
6.0 0.2249275 0.5293218 0.08037873 0.14859046
