2.0 0.05619565 0.78158665 0.1123913 0.4314933
5.0 0.87406194 0.7968133 0.25026566 0.40104002
2.0 0.8568479 0.61078674 0.28469405 0.33613333
3.0 0.042290658 0.7336933 0.084581316 0.52728
2.0 0.70861113 0.58188003 0.15491949 0.20370667
5.0 0.7380676 0.6072667 0.15429956 0.2309067
5.0 0.8257609 0.47554666 0.069106326 0.16634668
2.0 0.43359503 0.5759067 0.064082146 0.13272002
2.0 0.3446055 0.5746933 0.04315619 0.13002668
1.0 0.33515698 0.50917333 0.05416264 0.22399998
4.0 0.26058775 0.5265067 0.078035444 0.06954666
