2.0 0.023252819 0.66973335 0.046505637 0.24799998
2.0 0.11405797 0.6058 0.15291464 0.19575998
2.0 0.53613526 0.51537335 0.028518494 0.082959995
2.0 0.50308776 0.49778667 0.030426752 0.07941335
2.0 0.5468478 0.49424002 0.023051534 0.0704
2.0 0.78184384 0.46049336 0.07616752 0.08583999
2.0 0.75020933 0.46264002 0.06640902 0.08224
4.0 0.9030958 0.44733334 0.19057165 0.15567997
4.0 0.01595008 0.5626 0.03190016 0.047333308
4.0 0.27694044 0.51678663 0.15771337 0.08344
4.0 0.4396457 0.48483998 0.026875995 0.041786637
4.0 0.5969082 0.4653733 0.017648969 0.05287998
