2.0 0.8688084 0.74829334 0.26077294 0.49808
2.0 0.38379225 0.5939333 0.10653782 0.31682664
8.0 0.8180355 0.75207996 0.13057972 0.49050665
2.0 0.09659823 0.7855733 0.19319646 0.42352003
2.0 0.6332045 0.59472 0.09098226 0.18245332
2.0 0.7165781 0.6739334 0.1594686 0.33074668
2.0 0.46260467 0.5225867 0.028848648 0.08874665
2.0 0.42065215 0.56866664 0.06312398 0.17061332
2.0 0.60941625 0.56465334 0.056916237 0.14365332
2.0 0.58567226 0.53998667 0.04384059 0.10541333
2.0 0.5712923 0.52784 0.036755245 0.09013336
4.0 0.5214251 0.49317333 0.057906605 0.05845332
