2.0 0.16857843 0.75009453 0.33715686 0.49440542
0.0 0.5518464 0.54814863 0.045866013 0.2754324
3.0 0.8593055 0.4605946 0.047728766 0.13102701
0.0 0.3483742 0.5754865 0.04596406 0.32118917
3.0 0.77458733 0.48293242 0.026053928 0.15975673
0.0 0.11014297 0.5870541 0.034534313 0.21875678
0.0 0.09658088 0.60120267 0.026495093 0.21332434
3.0 0.31645426 0.5779595 0.08473855 0.26656753
0.0 0.021911765 0.6193108 0.04382353 0.22916219
0.0 0.10838235 0.58128375 0.031372547 0.2752162
2.0 0.9651798 0.468 0.068006516 0.11329729
2.0 0.38618463 0.48708108 0.02539217 0.062000003
4.0 0.6448693 0.45702702 0.015980357 0.06951352
4.0 0.5176593 0.4598108 0.015138899 0.025081089
