2.0 0.298558 0.6586486 0.16994278 0.346
3.0 0.9503472 0.45582432 0.07701792 0.20262162
0.0 0.49462008 0.5224189 0.030988602 0.20986485
3.0 0.72067404 0.46677026 0.039468948 0.11591891
0.0 0.33712012 0.5423919 0.027900333 0.24121618
3.0 0.73414624 0.46566215 0.02402778 0.13570271
0.0 0.14755718 0.56786484 0.022647062 0.17551348
0.0 0.13116421 0.57495946 0.023619277 0.16991891
3.0 0.27449346 0.56175673 0.072532676 0.21875678
0.0 0.15215686 0.56914866 0.029918307 0.17791891
0.0 0.1179085 0.578473 0.035702616 0.22429731
0.0 0.2330106 0.550027 0.021576812 0.2188108
2.0 0.9851552 0.4132027 0.028055554 0.11705405
2.0 0.9310743 0.45122975 0.11664218 0.10072974
4.0 0.39253676 0.4820135 0.020171573 0.06397299
4.0 0.52395016 0.45422974 0.02437092 0.030621598
