0.0 0.23421977 0.51236486 0.022606215 0.18127029
0.0 0.31529823 0.494527 0.015253271 0.11970271
0.0 0.115955874 0.52122974 0.02614379 0.23240542
0.0 0.21689542 0.47514868 0.013349669 0.11981082
2.0 0.4623652 0.5039865 0.030678067 0.076189175
2.0 0.82904816 0.554027 0.08842314 0.1302162
2.0 0.89411765 0.55744594 0.0987745 0.12467571
2.0 0.9478513 0.55916214 0.102663405 0.12627026
0.0 0.10273693 0.52379733 0.031862743 0.21564865
0.0 0.25254086 0.47820267 0.014705862 0.12900002
0.0 0.23478349 0.48482433 0.022442818 0.11370271
0.0 0.15470588 0.5234189 0.020424832 0.20354053
0.0 0.11825572 0.50972974 0.019877456 0.20891894
0.0 0.91394603 0.7222838 0.11111114 0.550027
3.0 0.41378266 0.48975676 0.009542511 0.08054052
0.0 0.10666667 0.51444596 0.017973855 0.17678377
0.0 0.07756945 0.5092567 0.028864384 0.19851351
2.0 0.5061642 0.5021486 0.029468944 0.07624323
0.0 0.18698528 0.473527 0.00952615 0.11856757
0.0 0.97959554 0.5375541 0.011168253 0.09705407
