2.0 0.057403382 0.7854933 0.114806764 0.42367998
2.0 0.69165057 0.64996 0.18310788 0.37517336
2.0 0.18762077 0.67151994 0.17731884 0.28442666
2.0 0.31719807 0.57152 0.0831079 0.18565334
2.0 0.45259258 0.50234663 0.025265694 0.058080025
2.0 0.35653788 0.5381466 0.05695654 0.12642667
2.0 0.39492753 0.52468 0.03624798 0.078639984
2.0 0.52349836 0.49029332 0.018526576 0.052746635
2.0 0.5888003 0.47557333 0.055346217 0.05733333
4.0 0.42455316 0.50982666 0.0151288165 0.052880015
4.0 0.4845209 0.46956 0.012616748 0.039013352
4.0 0.5059058 0.47233334 0.01345412 0.03901332
4.0 0.7264855 0.4626133 0.21641704 0.06954666
4.0 0.5675483 0.4626 0.044484682 0.052880015
