2.0 0.5411635 0.5144667 0.03068438 0.07666666
6.0 0.39467388 0.49637333 0.08760868 0.11626669
2.0 0.3902979 0.52148 0.0853462 0.09079998
2.0 0.35673508 0.5403867 0.10947663 0.12472003
2.0 0.34481883 0.54996 0.112181984 0.13501331
2.0 0.3205153 0.56109333 0.11830918 0.15690668
2.0 0.23205717 0.59436 0.15807569 0.2129333
2.0 0.19577698 0.61609334 0.2139211 0.24311998
2.0 0.09436393 0.73368007 0.18872786 0.42384005
2.0 0.82524556 0.7293467 0.34789854 0.5359733
1.0 0.5285024 0.48241332 0.03151367 0.09127998
4.0 0.5004549 0.47649333 0.012616748 0.052880015
4.0 0.4534823 0.4876 0.044484682 0.064000025
