0.0 0.9725845 0.6409866 0.053220566 0.6288534
2.0 0.97163844 0.76776 0.055112656 0.45914668
2.0 0.82987523 0.7491733 0.30272946 0.49631998
2.0 0.2225483 0.71721333 0.2402818 0.46391997
2.0 0.34597424 0.6180133 0.10528183 0.24317333
2.0 0.6620209 0.60432 0.11732687 0.24341334
2.0 0.40138486 0.55224 0.065120764 0.17578663
2.0 0.45952898 0.53011996 0.052777745 0.11959999
2.0 0.61205316 0.5475866 0.053784233 0.15613334
2.0 0.547037 0.5116 0.04655393 0.081760034
1.0 0.6614009 0.42982668 0.037842207 0.10098668
4.0 0.6090942 0.44558668 0.04971822 0.03527999
4.0 0.7312238 0.44300002 0.052318845 0.06461334
