2.0 0.67148954 0.6575733 0.15784219 0.39722666
2.0 0.11627616 0.69281334 0.23255232 0.40781334
2.0 0.16218197 0.6251866 0.24756844 0.30973336
2.0 0.19460145 0.58113337 0.18237522 0.30365333
2.0 0.23648551 0.58212 0.14656198 0.18568002
2.0 0.30841383 0.56414664 0.12505636 0.15698664
2.0 0.3347222 0.5548533 0.11284217 0.1495467
2.0 0.3394686 0.5362 0.08861514 0.14392002
2.0 0.35008052 0.52665335 0.10779385 0.13106667
2.0 0.3725644 0.52374667 0.07612719 0.099920034
2.0 0.39037842 0.49461335 0.06734301 0.10373334
3.0 0.46508452 0.49017334 0.00606278 0.051973343
2.0 0.5611071 0.5498533 0.047238305 0.1251467
2.0 0.6191063 0.5161733 0.087053165 0.11879996
2.0 0.5170411 0.49829334 0.019621577 0.049866676
4.0 0.46690014 0.47750667 0.08409019 0.085306644
