2.0 0.2165459 0.56041336 0.11265701 0.12749335
6.0 0.1597343 0.52964 0.12354268 0.15181334
0.0 0.78233093 0.5730133 0.0331321 0.29429334
2.0 0.38052335 0.5261067 0.06806764 0.09701337
2.0 0.38285828 0.5148667 0.051207725 0.073413335
2.0 0.47527376 0.49505332 0.031223843 0.06109333
6.0 0.5167552 0.48733333 0.016473407 0.052853312
2.0 0.4809219 0.50846666 0.043438002 0.071120024
2.0 0.59979874 0.48734665 0.020354271 0.04194665
4.0 0.5398229 0.48093334 0.020547504 0.05770666
4.0 0.43487123 0.49561334 0.029404186 0.06978668
4.0 0.804851 0.46369335 0.38707724 0.09565333
