2.0 0.49566424 0.5281867 0.034194857 0.10709337
2.0 0.04752013 0.63976 0.09504026 0.24064
2.0 0.1429992 0.5878133 0.14010465 0.19514666
2.0 0.68085754 0.57883996 0.13504831 0.24152003
2.0 0.652963 0.5580534 0.12276972 0.18698668
2.0 0.6077737 0.54932 0.10173108 0.14599998
2.0 0.5895532 0.53440005 0.08657809 0.13770668
2.0 0.5837319 0.5229867 0.079959735 0.11050664
2.0 0.57105875 0.51633334 0.07160223 0.10600001
2.0 0.43858695 0.50002664 0.015289851 0.038346667
2.0 0.5370008 0.49631998 0.04045895 0.050240006
6.0 0.52886873 0.48548 0.03596619 0.053040028
2.0 0.40980676 0.49767998 0.018293062 0.043573346
4.0 0.38825685 0.48870665 0.016384851 0.055973325
4.0 0.4588285 0.48784 0.013776189 0.033546653
4.0 0.7635186 0.49476 0.029404141 0.11981331
