2.0 0.93831724 0.74234664 0.121755235 0.50997335
2.0 0.76182365 0.57478666 0.21332528 0.2611467
5.0 0.09859904 0.73178667 0.19719808 0.29210663
2.0 0.12552737 0.57350665 0.25105473 0.44989333
2.0 0.1797182 0.6026 0.18056361 0.22695997
6.0 0.56246775 0.49104 0.06670693 0.2146133
2.0 0.2987319 0.56210667 0.14031398 0.15109335
2.0 0.34688002 0.52871996 0.109669864 0.14778665
6.0 0.52806765 0.48108 0.035780996 0.13026667
2.0 0.38659823 0.51133335 0.051972616 0.07834666
6.0 0.42620367 0.47572 0.055821236 0.09058666
4.0 0.4840862 0.47233334 0.04554753 0.054266658
