2.0 0.50602657 0.54782665 0.05070046 0.13623998
2.0 0.22766101 0.68634665 0.20290661 0.4281067
2.0 0.28390902 0.6099067 0.1533736 0.26951998
2.0 0.3883776 0.54024 0.09849437 0.13375998
2.0 0.40936393 0.51196 0.062318824 0.09943999
2.0 0.4219404 0.50788003 0.061835743 0.08829335
6.0 0.4560024 0.46508 0.04836555 0.08253332
2.0 0.7337681 0.6355467 0.19099839 0.3698133
0.0 0.62753624 0.59932 0.0316747 0.25069332
2.0 0.63672304 0.56924003 0.084524974 0.17405336
2.0 0.6022746 0.54264003 0.058929127 0.12634669
2.0 0.5864493 0.5135333 0.051578112 0.12722667
0.0 0.5568196 0.49709335 0.011272158 0.07797333
2.0 0.074951686 0.63841337 0.14990337 0.29272002
2.0 0.50487924 0.50002664 0.029613495 0.08944
2.0 0.18578906 0.58174664 0.13249598 0.19485334
6.0 0.72431564 0.48411998 0.10009661 0.12781334
4.0 0.92200077 0.8432666 0.15269725 0.30279997
4.0 0.39763287 0.43781334 0.027842158 0.03701336
4.0 0.3458132 0.44815996 0.015861511 0.023200002
