2.0 0.1782488 0.6066666 0.091247976 0.15951999
2.0 0.42028582 0.5002 0.028735887 0.084399976
6.0 0.36833334 0.48216003 0.038164277 0.099039994
2.0 0.33001208 0.54267997 0.0502174 0.10573333
2.0 0.2716868 0.55370665 0.05720613 0.10416
3.0 0.24342592 0.5660933 0.036497593 0.18050668
0.0 0.3823913 0.5065867 0.006441207 0.061600003
2.0 0.9306481 0.5141467 0.13709341 0.28344002
2.0 0.25481078 0.5163867 0.051505633 0.052666664
2.0 0.7927537 0.44257334 0.02853457 0.04957332
4.0 0.44216183 0.4982 0.014822869 0.06461334
