2.0 0.38979068 0.5561067 0.06389693 0.13008001
2.0 0.105925925 0.72106665 0.21185185 0.41690665
2.0 0.29269728 0.59192 0.08296297 0.15594666
2.0 0.51950085 0.51141334 0.026054746 0.07493333
2.0 0.6174155 0.48779997 0.083156176 0.08525334
2.0 0.60806763 0.47568002 0.0715298 0.10058665
6.0 0.7716385 0.44054666 0.07739934 0.09277333
4.0 0.6933535 0.45010668 0.07635266 0.07232002
4.0 0.47067633 0.48205334 0.008421898 0.03621333
4.0 0.5516143 0.46956 0.044484682 0.039013352
4.0 0.43419483 0.49317333 0.031062808 0.030666659
4.0 0.49583736 0.48898667 0.020161038 0.033439975
