2.0 0.49613217 0.56105053 0.06433519 0.19337766
2.0 0.14151894 0.61851066 0.1631668 0.22856386
2.0 0.28514504 0.6274335 0.13842866 0.28337765
2.0 0.37728447 0.54768616 0.05400485 0.11803191
2.0 0.40964943 0.5224202 0.040153094 0.0905851
5.0 0.42765108 0.45930853 0.04883966 0.16776596
5.0 0.4530943 0.4588165 0.021466527 0.09859044
2.0 0.1515552 0.5670745 0.11634167 0.15010636
2.0 0.22734892 0.54 0.066527 0.10765954
6.0 0.3419017 0.49760643 0.034375507 0.0787766
2.0 0.5266318 0.4992819 0.016196614 0.039574485
