0.0 0.86356616 0.68135136 0.073798954 0.6080541
0.0 0.8851348 0.68417567 0.058439527 0.5832702
0.0 0.5412296 0.46460813 0.016070275 0.16451348
0.0 0.24678512 0.53701353 0.031723864 0.3275946
0.0 0.43321487 0.5231081 0.02461597 0.21162163
0.0 0.46357027 0.51514864 0.02509803 0.22586481
0.0 0.70401555 0.5647027 0.045465697 0.33091888
0.0 0.40237337 0.4877162 0.022246724 0.211
0.0 0.39722225 0.47747296 0.019248372 0.19267567
0.0 0.36618873 0.4795541 0.024534317 0.20056759
0.0 0.36338234 0.4793919 0.023071902 0.20645949
0.0 0.49492237 0.4513108 0.011576834 0.14591892
0.0 0.53541666 0.4655946 0.016062101 0.14313515
6.0 0.10948938 0.49864864 0.21897876 0.9972973
4.0 0.30689543 0.45563513 0.07727126 0.17786486
4.0 0.78761846 0.39451355 0.41902778 0.111189194
