0.0 0.37367645 0.5934595 0.045277778 0.35335135
2.0 0.4542892 0.5253649 0.053349677 0.1444054
0.0 0.21355394 0.5248919 0.027336597 0.20102699
0.0 0.120020434 0.52363515 0.02631536 0.23164865
0.0 0.12468546 0.4813108 0.015923206 0.17002705
2.0 0.9132434 0.57686484 0.15746734 0.15616213
2.0 0.82882357 0.554027 0.088382356 0.1302162
2.0 0.8938807 0.5574325 0.09872554 0.124648675
2.0 0.9477451 0.55914867 0.10287584 0.12624322
0.0 0.11250817 0.5219865 0.023300648 0.21159458
0.0 0.17042483 0.4877162 0.020441169 0.1845135
0.0 0.1459763 0.49356762 0.018864382 0.16448651
0.0 0.22725491 0.49655405 0.010375817 0.1355946
0.0 0.20982434 0.4861622 0.013292472 0.14308108
0.0 0.20056373 0.49362162 0.01215685 0.12291895
0.0 0.1841585 0.49004054 0.013676473 0.13532434
2.0 0.5060662 0.5021486 0.029452596 0.07624323
0.0 0.18705882 0.473527 0.012222222 0.11856757
