2.0 0.0500161 0.79136 0.1000322 0.41194662
2.0 0.7315741 0.67474663 0.21029794 0.39274666
2.0 0.2595934 0.6241067 0.1387037 0.23781331
2.0 0.6284219 0.58694667 0.11003217 0.22232005
2.0 0.37827697 0.5282267 0.04718197 0.10989336
2.0 0.5705918 0.5332933 0.057624817 0.13634665
2.0 0.5564412 0.51896 0.044621605 0.10938668
2.0 0.3965942 0.51832 0.03317229 0.08645333
4.0 0.08556361 0.54316 0.17112722 0.17512001
4.0 0.5813889 0.45984003 0.016803559 0.06954666
4.0 0.65561193 0.45287997 0.041127205 0.061226673
