6.0 0.14996779 0.5109867 0.29993558 0.9726933
0.0 0.6903623 0.5363334 0.031127248 0.24306668
3.0 0.3465942 0.603 0.04383253 0.27378663
3.0 0.38481078 0.5453867 0.023776146 0.18229331
2.0 0.60397345 0.58168 0.08955719 0.23072001
2.0 0.5660386 0.5396133 0.06322061 0.18733335
2.0 0.5484702 0.5187333 0.049098242 0.1526133
0.0 0.50221014 0.4800133 0.009927522 0.080026664
0.0 0.5051047 0.48421335 0.009388106 0.07797333
2.0 0.43827292 0.4836 0.019428344 0.06554665
2.0 0.39702898 0.5150266 0.034669854 0.089466676
2.0 0.20331724 0.68229336 0.19513689 0.33397335
2.0 0.30177537 0.5948267 0.097286634 0.20522669
4.0 0.47026166 0.48066667 0.0059017907 0.06677335
