2.0 0.8533776 0.73153335 0.2916344 0.5316
2.0 0.084975846 0.78084 0.16995169 0.43298668
2.0 0.21681964 0.66964 0.197343 0.41496
2.0 0.6421216 0.60062665 0.12483896 0.28461334
2.0 0.32543883 0.5861467 0.10205314 0.24354665
2.0 0.59227455 0.54580003 0.08155391 0.1742133
6.0 0.56097424 0.46713334 0.07008048 0.23490667
2.0 0.537975 0.50449336 0.03541865 0.09378665
2.0 0.51584136 0.49716 0.023180371 0.06130668
2.0 0.42278582 0.5066933 0.024074055 0.05424002
2.0 0.5007649 0.48942667 0.027665094 0.062106643
2.0 0.47882044 0.48992 0.02102257 0.04453332
4.0 0.40075684 0.48785332 0.020547504 0.06114667
4.0 0.4517955 0.47921333 0.026795523 0.050799984
