2.0 0.46976247 0.55156 0.04575684 0.12189334
2.0 0.29012886 0.56948 0.14362319 0.19778664
2.0 0.36432368 0.52816004 0.081127234 0.103199996
2.0 0.38076088 0.52882665 0.06838165 0.08784001
2.0 0.44105077 0.5174133 0.03140899 0.068586655
5.0 0.133752 0.7125467 0.12938808 0.31037334
5.0 0.04129227 0.6996667 0.08258454 0.31048003
2.0 0.84295493 0.77032 0.31247982 0.45402667
6.0 0.5518076 0.49965334 0.06620775 0.2042133
6.0 0.3186715 0.49756002 0.059049923 0.12989333
2.0 0.4813607 0.52510667 0.03154591 0.0953333
