2.0 0.11094605 0.7782933 0.2218921 0.43301338
2.0 0.34546295 0.65392005 0.10459741 0.25205332
2.0 0.22767313 0.67477334 0.14122383 0.27061334
3.0 0.68528986 0.64084 0.10130433 0.2844
2.0 0.9589976 0.57758665 0.08039447 0.29037336
3.0 0.7246699 0.66197336 0.11281799 0.33808
0.0 0.14137278 0.63204 0.030056363 0.25997332
2.0 0.41885266 0.57258666 0.041409038 0.12192004
2.0 0.44255233 0.5429467 0.021642502 0.06669334
6.0 0.45126405 0.51758665 0.018180348 0.0708
2.0 0.547343 0.54470664 0.075732686 0.09954663
2.0 0.5190298 0.53533334 0.052101452 0.07269335
6.0 0.39183173 0.5783067 0.068558805 0.20279996
4.0 0.48643318 0.52580005 0.0064895265 0.050800018
