2.0 0.160157 0.74962664 0.320314 0.49541333
2.0 0.859521 0.74083996 0.27934778 0.51298666
6.0 0.9497866 0.48630667 0.09881637 0.3376267
6.0 0.8874114 0.50814664 0.22356679 0.35303998
2.0 0.31058773 0.63890666 0.12359099 0.2761067
2.0 0.36920288 0.5754667 0.087149754 0.18442665
2.0 0.7919444 0.51342666 0.08851051 0.16285335
2.0 0.7214976 0.5156134 0.08193239 0.13474669
2.0 0.68736714 0.50905335 0.06940419 0.12189334
2.0 0.67560786 0.5112 0.07094206 0.10815998
2.0 0.56594205 0.5394267 0.05262479 0.13645336
2.0 0.4236916 0.52736 0.047850244 0.11269331
6.0 0.4367472 0.50828 0.04099837 0.11816001
2.0 0.6045652 0.48621336 0.053317208 0.07834666
1.0 0.5167592 0.4574533 0.038510505 0.13346669
4.0 0.4656039 0.5016533 0.009613536 0.071519986
