2.0 0.15971416 0.74781334 0.31942832 0.49903998
2.0 0.8417351 0.7795467 0.31491947 0.4355733
2.0 0.2921256 0.64357334 0.16887279 0.3559467
2.0 0.67648554 0.7149867 0.18279393 0.39168
2.0 0.3922021 0.54238665 0.06171499 0.16322668
2.0 0.5699718 0.5392 0.052165847 0.123253345
2.0 0.42254025 0.5228533 0.045547485 0.11018668
2.0 0.53626406 0.49905333 0.023639271 0.06968001
6.0 0.5281884 0.47349334 0.02264091 0.08597333
4.0 0.4705475 0.47922665 0.030966168 0.05770666
4.0 0.51261276 0.47232002 0.01345412 0.033440012
