2.0 0.64513284 0.50028 0.12739936 0.14946668
2.0 0.96724635 0.42553332 0.06389691 0.11522668
2.0 0.85557973 0.43433332 0.08106277 0.08226667
2.0 0.8356885 0.43665335 0.0785587 0.07757334
2.0 0.4176167 0.51768 0.036924317 0.097493306
2.0 0.4752415 0.49558666 0.025136903 0.06578667
2.0 0.6491103 0.46725336 0.07203702 0.09125332
2.0 0.72912234 0.43592 0.03616746 0.07135998
2.0 0.75799114 0.44228002 0.039492697 0.06498667
2.0 0.546252 0.48213333 0.025627999 0.059253316
4.0 0.44893318 0.5059467 0.024194853 0.09392003
4.0 0.51560384 0.48957333 0.029404186 0.05770666
