2.0 0.49357778 0.5171543 0.018726848 0.051436152
2.0 0.14949234 0.7296809 0.24826752 0.4577128
6.0 0.075535856 0.6028457 0.15107171 0.32159573
2.0 0.65243757 0.66152924 0.16097501 0.35156918
2.0 0.3251088 0.58816487 0.07991943 0.1668085
6.0 0.23120467 0.5506782 0.10463337 0.18981385
2.0 0.36883157 0.5606649 0.05239323 0.120319165
2.0 0.46797344 0.53465426 0.034609158 0.10648935
2.0 0.30711523 0.5398138 0.05350524 0.09914895
2.0 0.40421033 0.5243218 0.023940405 0.065611705
6.0 0.33558422 0.51363033 0.040483475 0.0981649
6.0 0.42102742 0.49268618 0.016833214 0.07393619
5.0 0.45578966 0.4867553 0.024149895 0.09446808
