2.0 0.10631643 0.76310664 0.21263286 0.46845335
2.0 0.24719806 0.68986666 0.20921096 0.38213333
2.0 0.94672304 0.5227733 0.104943596 0.27125332
2.0 0.8324436 0.53709334 0.11652983 0.21210663
2.0 0.76790255 0.52585334 0.09764095 0.18168004
2.0 0.73926324 0.51621336 0.095515296 0.1513067
2.0 0.7115177 0.5094667 0.09136068 0.13941336
2.0 0.689682 0.51166666 0.09047504 0.114106655
2.0 0.5981038 0.57086664 0.082552366 0.21261334
2.0 0.57205313 0.55012 0.053784233 0.13000001
2.0 0.3896135 0.5526 0.070579685 0.16120005
6.0 0.4151892 0.5177067 0.056497574 0.1568
2.0 0.62265295 0.49002668 0.06640094 0.09637332
1.0 0.51500005 0.45482668 0.045877595 0.15717332
4.0 0.45284218 0.5120133 0.017423494 0.099120006
