2.0 0.8934541 0.65985334 0.21148145 0.67496
6.0 0.4303905 0.5228533 0.048671495 0.17669334
6.0 0.7829026 0.46535996 0.22050726 0.27930665
2.0 0.25474638 0.5635333 0.07793075 0.13943996
2.0 0.17220612 0.54072 0.09648952 0.18938664
2.0 0.36196455 0.50629336 0.038405783 0.09797335
2.0 0.5816103 0.5187734 0.06780997 0.12506665
2.0 0.46092597 0.4809467 0.028309187 0.08253332
6.0 0.49224636 0.45144 0.029629616 0.106346674
2.0 0.62830913 0.50726664 0.07148148 0.13192
6.0 0.9528422 0.43841335 0.09270532 0.19533332
1.0 0.45497185 0.43787998 0.03041063 0.14999999
5.0 0.08932368 0.5968533 0.154219 0.11157332
2.0 0.04309179 0.57926667 0.08618358 0.14845334
