2.0 0.22764896 0.75997335 0.26049918 0.47472
6.0 0.37201288 0.53737336 0.11141709 0.3539467
2.0 0.83300316 0.69116 0.33238325 0.61234665
2.0 0.71628016 0.58608 0.2654589 0.29279998
2.0 0.15958132 0.7167867 0.19787438 0.36381337
2.0 0.5908736 0.52739996 0.13214974 0.18082666
6.0 0.4289211 0.51296 0.056940395 0.16373338
2.0 0.52660227 0.5108667 0.030032203 0.08728
2.0 0.5147343 0.5046667 0.027793884 0.08501332
0.0 0.46580514 0.48024002 0.0072463807 0.053173337
0.0 0.46955717 0.48048 0.005636079 0.05162665
