2.0 0.46912637 0.5909467 0.07865538 0.24808002
2.0 0.4858293 0.53429335 0.05685988 0.19648
2.0 0.62673914 0.59516 0.10711756 0.27693328
2.0 0.5712037 0.5583467 0.069154605 0.17568003
2.0 0.54132855 0.5275467 0.046103023 0.13098666
2.0 0.30336553 0.50508004 0.04475042 0.06333334
2.0 0.21760064 0.5224 0.049597424 0.06512002
4.0 0.031630434 0.50856 0.06326087 0.04736001
4.0 0.1666425 0.51028 0.04294686 0.06461334
4.0 0.34528986 0.48181334 0.020032223 0.038719993
4.0 0.55856687 0.43522665 0.0070048287 0.03184002
