2.0 0.49933574 0.6134933 0.09298715 0.29103997
2.0 0.93990743 0.7154933 0.11857487 0.56368
2.0 0.8371216 0.70616 0.22785027 0.46682668
6.0 0.414215 0.49858665 0.03232688 0.084106684
0.0 0.6519002 0.51853335 0.020933969 0.15408002
0.0 0.7583374 0.50846666 0.013421921 0.110373326
0.0 0.8406039 0.50273335 0.012077332 0.14621332
0.0 0.8067149 0.49634668 0.0072463807 0.09802665
2.0 0.08076893 0.5467467 0.07701288 0.08458669
4.0 0.37940422 0.50252 0.023671491 0.049093347
4.0 0.44372785 0.47922665 0.008566811 0.023200002
