2.0 0.8141627 0.61368 0.17314008 0.3192533
2.0 0.916562 0.62216 0.16526568 0.28629333
6.0 0.046525765 0.51890665 0.09305153 0.1970133
6.0 0.077053145 0.5145733 0.13262479 0.16754664
6.0 0.13042672 0.5217467 0.08818035 0.12104
5.0 0.40494764 0.47546667 0.05603059 0.10325333
4.0 0.19060387 0.5024933 0.031223843 0.09565333
4.0 0.3210668 0.48182663 0.107785836 0.043920007
4.0 0.5265418 0.46757334 0.09060383 0.036159992
4.0 0.6601328 0.4572267 0.09685185 0.051679987
4.0 0.60151374 0.46612 0.0049275444 0.044986658
