2.0 0.31594205 0.69166666 0.17888889 0.39901334
2.0 0.74905795 0.71852005 0.29455712 0.55762666
2.0 0.38946462 0.60712 0.108719826 0.23125331
2.0 0.5581119 0.53734666 0.043582916 0.11159999
2.0 0.6323148 0.61783993 0.11822065 0.26938662
0.0 0.34678745 0.56904 0.015925929 0.21450663
0.0 0.35805154 0.54912 0.008599032 0.17728002
2.0 0.46464974 0.514 0.025998387 0.07850667
2.0 0.53989935 0.51708 0.029444423 0.080560006
0.0 0.35992754 0.56277335 0.011449269 0.18064001
4.0 0.51091784 0.49733332 0.015603883 0.033546686
