2.0 0.50425524 0.5900933 0.06358292 0.1758133
2.0 0.17563607 0.56276 0.104476646 0.15922669
3.0 0.7999718 0.59161335 0.120716594 0.27960005
6.0 0.5890298 0.51904 0.071103096 0.22533332
0.0 0.3565781 0.5718133 0.02254427 0.26506665
6.0 0.27554348 0.51614666 0.0586554 0.11565331
2.0 0.36525363 0.53886664 0.09118355 0.14669333
2.0 0.3941425 0.53510666 0.08113525 0.100026675
2.0 0.41731885 0.51984 0.058212552 0.08394664
2.0 0.4379549 0.5002933 0.04331725 0.05632002
2.0 0.55973023 0.52415997 0.039460547 0.089866675
2.0 0.48440015 0.53688 0.034710113 0.105333365
2.0 0.28252816 0.50614667 0.049001604 0.07287999
4.0 0.47028986 0.46498665 0.02653785 0.046506677
4.0 0.53122383 0.47404003 0.018727848 0.038746662
4.0 0.51169884 0.45593333 0.020289876 0.038746696
