0.0 0.9711874 0.7030615 0.056009747 0.5885294
0.0 0.30978188 0.554278 0.027092094 0.2548663
0.0 0.19834006 0.6777006 0.061801296 0.5011765
0.0 0.52756464 0.5393449 0.024369966 0.14826202
0.0 0.4248223 0.5436096 0.01746364 0.17743315
0.0 0.46445075 0.51851606 0.014151846 0.14430486
0.0 0.51432556 0.50687164 0.012528238 0.13117647
0.0 0.5058885 0.49733958 0.007528305 0.0952674
6.0 0.7419669 0.50834227 0.29084814 0.867754
4.0 0.48474148 0.5012032 0.02263328 0.11368983
4.0 0.5691155 0.5025 0.04606624 0.11628342
