2.0 0.8222947 0.75468 0.35380033 0.48530668
2.0 0.60473025 0.57681334 0.09018521 0.24408004
2.0 0.21611111 0.58926666 0.2138808 0.24578664
2.0 0.2662681 0.56718665 0.16047505 0.20893335
2.0 0.27386475 0.53656 0.1262641 0.2183467
2.0 0.2974235 0.5493466 0.107793875 0.1401333
2.0 0.34457728 0.52993333 0.09698068 0.12322668
2.0 0.36392513 0.5288133 0.08962159 0.12024001
2.0 0.36364332 0.51268 0.072133675 0.118533336
2.0 0.37156603 0.5123733 0.089444436 0.10954666
2.0 0.40148553 0.48204 0.05946055 0.09207998
3.0 0.46708533 0.48136 0.0053462074 0.046400003
2.0 0.5473712 0.52536 0.038832527 0.101173334
2.0 0.5133172 0.4872933 0.017890522 0.045786686
4.0 0.44341788 0.47509333 0.034420285 0.038986683
4.0 0.4979348 0.47094664 0.03274559 0.05287998
