2.0 0.74357885 0.6505067 0.19102256 0.34304
2.0 0.6033856 0.5694133 0.18061997 0.35573334
2.0 0.98591787 0.51956 0.026553925 0.23394667
5.0 0.50093395 0.65209335 0.22743961 0.19213335
2.0 0.4483172 0.58152 0.15671499 0.20085335
2.0 0.37004027 0.57233334 0.10932368 0.14802663
5.0 0.3893599 0.57937336 0.09804349 0.15480004
5.0 0.46699274 0.4954 0.044774555 0.12205332
2.0 0.1258454 0.5892533 0.077310786 0.12613331
2.0 0.022266505 0.60059994 0.04453301 0.13703997
1.0 0.016014492 0.5309067 0.032028984 0.23866667
