2.0 0.49070448 0.5411067 0.04387279 0.11826669
2.0 0.14495169 0.69866663 0.26610306 0.42346665
2.0 0.33901772 0.54108 0.12611918 0.20216002
2.0 0.363442 0.5252933 0.089251176 0.17570665
2.0 0.40363526 0.5097333 0.067673095 0.11312001
6.0 0.54472625 0.48676 0.044782594 0.13997333
2.0 0.48493963 0.51570666 0.02765701 0.08357334
6.0 0.25093397 0.59363997 0.21972625 0.38397336
1.0 0.13732286 0.4680667 0.16070049 0.26914668
4.0 0.951252 0.54733336 0.013454074 0.12789337
4.0 0.4446779 0.48761335 0.038615137 0.052880015
