2.0 0.8643317 0.7771067 0.26972622 0.44045332
2.0 0.73076487 0.69931996 0.20512073 0.39432
2.0 0.61282206 0.57751995 0.10546698 0.2498667
2.0 0.3948913 0.53309333 0.054146517 0.17434666
8.0 0.5640177 0.58252 0.034202892 0.22429334
2.0 0.3030354 0.6610133 0.12964574 0.30042666
2.0 0.13479066 0.7732533 0.26958132 0.44816
2.0 0.54477453 0.5318933 0.044025786 0.10714667
2.0 0.43416667 0.50056 0.022987138 0.06906666
4.0 0.47948873 0.46956 0.052874383 0.04455999
4.0 0.5155475 0.49316 0.027713368 0.080666676
